   6.9006404e-01   0.0000000e+00   5.0483984e-01   3.7471763e-01
   6.9006404e-01   0.0000000e+00   5.0483984e-01   7.7082562e-01
   6.9006404e-01   0.0000000e+00   3.7314001e-01   3.7471763e-01
   5.7209403e-01   0.0000000e+00   5.0483984e-01   3.7471763e-01
   6.9006404e-01   0.0000000e+00   5.0483984e-01   3.9424575e-02
   6.9006404e-01   0.0000000e+00   3.7314001e-01   7.7082562e-01
   6.9006404e-01   0.0000000e+00   6.3639479e-01   3.7471763e-01
   5.7209403e-01   0.0000000e+00   5.0483984e-01   7.7082562e-01
   5.7209403e-01   0.0000000e+00   3.7314001e-01   3.7471763e-01
   7.9627962e-01   0.0000000e+00   5.0483984e-01   3.7471763e-01
   6.9006404e-01   0.0000000e+00   5.0483984e-01   1.2107818e+00
   6.9006404e-01   0.0000000e+00   3.7314001e-01   3.9424575e-02
   6.9006404e-01   0.0000000e+00   6.3639479e-01   7.7082562e-01
   6.9006404e-01   0.0000000e+00   2.4981725e-01   3.7471763e-01
   5.7209403e-01   0.0000000e+00   5.0483984e-01   3.9424575e-02
   5.7209403e-01   0.0000000e+00   3.7314001e-01   7.7082562e-01
   5.7209403e-01   0.0000000e+00   6.3639479e-01   3.7471763e-01
   7.9627962e-01   0.0000000e+00   5.0483984e-01   7.7082562e-01
   7.9627962e-01   0.0000000e+00   3.7314001e-01   3.7471763e-01
   8.8366883e-01   0.0000000e+00   5.0483984e-01   3.7471763e-01
   6.9006404e-01   0.0000000e+00   5.0483984e-01  -2.2545246e-01
   6.9006404e-01   0.0000000e+00   3.7314001e-01   1.2107818e+00
   6.9006404e-01   0.0000000e+00   6.3639479e-01   3.9424575e-02
   6.9006404e-01   0.0000000e+00   2.4981725e-01   7.7082562e-01
   6.9006404e-01   0.0000000e+00   7.5790928e-01   3.7471763e-01
   5.7209403e-01   0.0000000e+00   5.0483984e-01   1.2107818e+00
   5.7209403e-01   0.0000000e+00   3.7314001e-01   3.9424575e-02
   5.7209403e-01   0.0000000e+00   6.3639479e-01   7.7082562e-01
   5.7209403e-01   0.0000000e+00   2.4981725e-01   3.7471763e-01
   7.9627962e-01   0.0000000e+00   5.0483984e-01   3.9424575e-02
   7.9627962e-01   0.0000000e+00   3.7314001e-01   7.7082562e-01
   7.9627962e-01   0.0000000e+00   6.3639479e-01   3.7471763e-01
   8.8366883e-01   0.0000000e+00   5.0483984e-01   7.7082562e-01
   8.8366883e-01   0.0000000e+00   3.7314001e-01   3.7471763e-01
   4.4925790e-01   0.0000000e+00   5.0483984e-01   3.7471763e-01
   6.9006404e-01   0.0000000e+00   5.0483984e-01  -4.0124762e-01
   6.9006404e-01   0.0000000e+00   3.7314001e-01  -2.2545246e-01
   6.9006404e-01   0.0000000e+00   6.3639479e-01   1.2107818e+00
   6.9006404e-01   0.0000000e+00   2.4981725e-01   3.9424575e-02
   6.9006404e-01   0.0000000e+00   7.5790928e-01   7.7082562e-01
   6.9006404e-01   0.0000000e+00   1.4221824e-01   3.7471763e-01
   5.7209403e-01   0.0000000e+00   5.0483984e-01  -2.2545246e-01
   5.7209403e-01   0.0000000e+00   3.7314001e-01   1.2107818e+00
   5.7209403e-01   0.0000000e+00   6.3639479e-01   3.9424575e-02
   5.7209403e-01   0.0000000e+00   2.4981725e-01   7.7082562e-01
   5.7209403e-01   0.0000000e+00   7.5790928e-01   3.7471763e-01
   7.9627962e-01   0.0000000e+00   5.0483984e-01   1.2107818e+00
   7.9627962e-01   0.0000000e+00   3.7314001e-01   3.9424575e-02
   7.9627962e-01   0.0000000e+00   6.3639479e-01   7.7082562e-01
   7.9627962e-01   0.0000000e+00   2.4981725e-01   3.7471763e-01
   8.8366883e-01   0.0000000e+00   5.0483984e-01   3.9424575e-02
   8.8366883e-01   0.0000000e+00   3.7314001e-01   7.7082562e-01
   8.8366883e-01   0.0000000e+00   6.3639479e-01   3.7471763e-01
   4.4925790e-01   0.0000000e+00   5.0483984e-01   7.7082562e-01
   4.4925790e-01   0.0000000e+00   3.7314001e-01   3.7471763e-01
   9.4859609e-01   0.0000000e+00   5.0483984e-01   3.7471763e-01
   6.9006404e-01   0.0000000e+00   5.0483984e-01   1.6740628e+00
   6.9006404e-01   0.0000000e+00   3.7314001e-01  -4.0124762e-01
   6.9006404e-01   0.0000000e+00   6.3639479e-01  -2.2545246e-01
   6.9006404e-01   0.0000000e+00   2.4981725e-01   1.2107818e+00
   6.9006404e-01   0.0000000e+00   7.5790928e-01   3.9424575e-02
   6.9006404e-01   0.0000000e+00   1.4221824e-01   7.7082562e-01
   6.9006404e-01   0.0000000e+00   8.6112570e-01   3.7471763e-01
   5.7209403e-01   0.0000000e+00   5.0483984e-01  -4.0124762e-01
   5.7209403e-01   0.0000000e+00   3.7314001e-01  -2.2545246e-01
   5.7209403e-01   0.0000000e+00   6.3639479e-01   1.2107818e+00
   5.7209403e-01   0.0000000e+00   2.4981725e-01   3.9424575e-02
   5.7209403e-01   0.0000000e+00   7.5790928e-01   7.7082562e-01
   5.7209403e-01   0.0000000e+00   1.4221824e-01   3.7471763e-01
   7.9627962e-01   0.0000000e+00   5.0483984e-01  -2.2545246e-01
   7.9627962e-01   0.0000000e+00   3.7314001e-01   1.2107818e+00
   7.9627962e-01   0.0000000e+00   6.3639479e-01   3.9424575e-02
   7.9627962e-01   0.0000000e+00   2.4981725e-01   7.7082562e-01
   7.9627962e-01   0.0000000e+00   7.5790928e-01   3.7471763e-01
   8.8366883e-01   0.0000000e+00   5.0483984e-01   1.2107818e+00
   8.8366883e-01   0.0000000e+00   3.7314001e-01   3.9424575e-02
   8.8366883e-01   0.0000000e+00   6.3639479e-01   7.7082562e-01
   8.8366883e-01   0.0000000e+00   2.4981725e-01   3.7471763e-01
   4.4925790e-01   0.0000000e+00   5.0483984e-01   3.9424575e-02
   4.4925790e-01   0.0000000e+00   3.7314001e-01   7.7082562e-01
   4.4925790e-01   0.0000000e+00   6.3639479e-01   3.7471763e-01
   9.4859609e-01   0.0000000e+00   5.0483984e-01   7.7082562e-01
   9.4859609e-01   0.0000000e+00   3.7314001e-01   3.7471763e-01
   9.8559802e-01   0.0000000e+00   5.0483984e-01   3.7471763e-01
   6.9006404e-01   0.0000000e+00   5.0483984e-01   2.1514382e+00
   6.9006404e-01   0.0000000e+00   3.7314001e-01   1.6740628e+00
   6.9006404e-01   0.0000000e+00   6.3639479e-01  -4.0124762e-01
   6.9006404e-01   0.0000000e+00   2.4981725e-01  -2.2545246e-01
   6.9006404e-01   0.0000000e+00   7.5790928e-01   1.2107818e+00
   6.9006404e-01   0.0000000e+00   1.4221824e-01   3.9424575e-02
   6.9006404e-01   0.0000000e+00   8.6112570e-01   7.7082562e-01
   6.9006404e-01   0.0000000e+00   6.3248810e-02   3.7471763e-01
   5.7209403e-01   0.0000000e+00   5.0483984e-01   1.6740628e+00
   5.7209403e-01   0.0000000e+00   3.7314001e-01  -4.0124762e-01
   5.7209403e-01   0.0000000e+00   6.3639479e-01  -2.2545246e-01
   5.7209403e-01   0.0000000e+00   2.4981725e-01   1.2107818e+00
   5.7209403e-01   0.0000000e+00   7.5790928e-01   3.9424575e-02
   5.7209403e-01   0.0000000e+00   1.4221824e-01   7.7082562e-01
   5.7209403e-01   0.0000000e+00   8.6112570e-01   3.7471763e-01
   7.9627962e-01   0.0000000e+00   5.0483984e-01  -4.0124762e-01
   7.9627962e-01   0.0000000e+00   3.7314001e-01  -2.2545246e-01
   7.9627962e-01   0.0000000e+00   6.3639479e-01   1.2107818e+00
   7.9627962e-01   0.0000000e+00   2.4981725e-01   3.9424575e-02
   7.9627962e-01   0.0000000e+00   7.5790928e-01   7.7082562e-01
   7.9627962e-01   0.0000000e+00   1.4221824e-01   3.7471763e-01
   8.8366883e-01   0.0000000e+00   5.0483984e-01  -2.2545246e-01
   8.8366883e-01   0.0000000e+00   3.7314001e-01   1.2107818e+00
   8.8366883e-01   0.0000000e+00   6.3639479e-01   3.9424575e-02
   8.8366883e-01   0.0000000e+00   2.4981725e-01   7.7082562e-01
   8.8366883e-01   0.0000000e+00   7.5790928e-01   3.7471763e-01
   4.4925790e-01   0.0000000e+00   5.0483984e-01   1.2107818e+00
   4.4925790e-01   0.0000000e+00   3.7314001e-01   3.9424575e-02
   4.4925790e-01   0.0000000e+00   6.3639479e-01   7.7082562e-01
   4.4925790e-01   0.0000000e+00   2.4981725e-01   3.7471763e-01
   9.4859609e-01   0.0000000e+00   5.0483984e-01   3.9424575e-02
   9.4859609e-01   0.0000000e+00   3.7314001e-01   7.7082562e-01
   9.4859609e-01   0.0000000e+00   6.3639479e-01   3.7471763e-01
   9.8559802e-01   0.0000000e+00   5.0483984e-01   7.7082562e-01
   9.8559802e-01   0.0000000e+00   3.7314001e-01   3.7471763e-01
   3.2788143e-01   0.0000000e+00   5.0483984e-01   3.7471763e-01
   6.9006404e-01   0.0000000e+00   5.0483984e-01   2.6065685e+00
   6.9006404e-01   0.0000000e+00   3.7314001e-01   2.1514382e+00
   6.9006404e-01   0.0000000e+00   6.3639479e-01   1.6740628e+00
   6.9006404e-01   0.0000000e+00   2.4981725e-01  -4.0124762e-01
   6.9006404e-01   0.0000000e+00   7.5790928e-01  -2.2545246e-01
   6.9006404e-01   0.0000000e+00   1.4221824e-01   1.2107818e+00
   6.9006404e-01   0.0000000e+00   8.6112570e-01   3.9424575e-02
   6.9006404e-01   0.0000000e+00   6.3248810e-02   7.7082562e-01
   6.9006404e-01   0.0000000e+00   9.3947482e-01   3.7471763e-01
   5.7209403e-01   0.0000000e+00   5.0483984e-01   2.1514382e+00
   5.7209403e-01   0.0000000e+00   3.7314001e-01   1.6740628e+00
   5.7209403e-01   0.0000000e+00   6.3639479e-01  -4.0124762e-01
   5.7209403e-01   0.0000000e+00   2.4981725e-01  -2.2545246e-01
   5.7209403e-01   0.0000000e+00   7.5790928e-01   1.2107818e+00
   5.7209403e-01   0.0000000e+00   1.4221824e-01   3.9424575e-02
   5.7209403e-01   0.0000000e+00   8.6112570e-01   7.7082562e-01
   5.7209403e-01   0.0000000e+00   6.3248810e-02   3.7471763e-01
   7.9627962e-01   0.0000000e+00   5.0483984e-01   1.6740628e+00
   7.9627962e-01   0.0000000e+00   3.7314001e-01  -4.0124762e-01
   7.9627962e-01   0.0000000e+00   6.3639479e-01  -2.2545246e-01
   7.9627962e-01   0.0000000e+00   2.4981725e-01   1.2107818e+00
   7.9627962e-01   0.0000000e+00   7.5790928e-01   3.9424575e-02
   7.9627962e-01   0.0000000e+00   1.4221824e-01   7.7082562e-01
   7.9627962e-01   0.0000000e+00   8.6112570e-01   3.7471763e-01
   8.8366883e-01   0.0000000e+00   5.0483984e-01  -4.0124762e-01
   8.8366883e-01   0.0000000e+00   3.7314001e-01  -2.2545246e-01
   8.8366883e-01   0.0000000e+00   6.3639479e-01   1.2107818e+00
   8.8366883e-01   0.0000000e+00   2.4981725e-01   3.9424575e-02
   8.8366883e-01   0.0000000e+00   7.5790928e-01   7.7082562e-01
   8.8366883e-01   0.0000000e+00   1.4221824e-01   3.7471763e-01
   4.4925790e-01   0.0000000e+00   5.0483984e-01  -2.2545246e-01
   4.4925790e-01   0.0000000e+00   3.7314001e-01   1.2107818e+00
   4.4925790e-01   0.0000000e+00   6.3639479e-01   3.9424575e-02
   4.4925790e-01   0.0000000e+00   2.4981725e-01   7.7082562e-01
   4.4925790e-01   0.0000000e+00   7.5790928e-01   3.7471763e-01
   9.4859609e-01   0.0000000e+00   5.0483984e-01   1.2107818e+00
   9.4859609e-01   0.0000000e+00   3.7314001e-01   3.9424575e-02
   9.4859609e-01   0.0000000e+00   6.3639479e-01   7.7082562e-01
   9.4859609e-01   0.0000000e+00   2.4981725e-01   3.7471763e-01
   9.8559802e-01   0.0000000e+00   5.0483984e-01   3.9424575e-02
   9.8559802e-01   0.0000000e+00   3.7314001e-01   7.7082562e-01
   9.8559802e-01   0.0000000e+00   6.3639479e-01   3.7471763e-01
   3.2788143e-01   0.0000000e+00   5.0483984e-01   7.7082562e-01
   3.2788143e-01   0.0000000e+00   3.7314001e-01   3.7471763e-01
   2.2053595e-01   0.0000000e+00   5.0483984e-01   3.7471763e-01
   6.9006404e-01   0.0000000e+00   5.0483984e-01   3.0060838e+00
   6.9006404e-01   0.0000000e+00   3.7314001e-01   2.6065685e+00
   6.9006404e-01   0.0000000e+00   6.3639479e-01   2.1514382e+00
   6.9006404e-01   0.0000000e+00   2.4981725e-01   1.6740628e+00
   6.9006404e-01   0.0000000e+00   7.5790928e-01  -4.0124762e-01
   6.9006404e-01   0.0000000e+00   1.4221824e-01  -2.2545246e-01
   6.9006404e-01   0.0000000e+00   8.6112570e-01   1.2107818e+00
   6.9006404e-01   0.0000000e+00   6.3248810e-02   3.9424575e-02
   6.9006404e-01   0.0000000e+00   9.3947482e-01   7.7082562e-01
   6.9006404e-01   0.0000000e+00   9.8632411e-01   3.7471763e-01
   5.7209403e-01   0.0000000e+00   5.0483984e-01   2.6065685e+00
   5.7209403e-01   0.0000000e+00   3.7314001e-01   2.1514382e+00
   5.7209403e-01   0.0000000e+00   6.3639479e-01   1.6740628e+00
   5.7209403e-01   0.0000000e+00   2.4981725e-01  -4.0124762e-01
   5.7209403e-01   0.0000000e+00   7.5790928e-01  -2.2545246e-01
   5.7209403e-01   0.0000000e+00   1.4221824e-01   1.2107818e+00
   5.7209403e-01   0.0000000e+00   8.6112570e-01   3.9424575e-02
   5.7209403e-01   0.0000000e+00   6.3248810e-02   7.7082562e-01
   5.7209403e-01   0.0000000e+00   9.3947482e-01   3.7471763e-01
   7.9627962e-01   0.0000000e+00   5.0483984e-01   2.1514382e+00
   7.9627962e-01   0.0000000e+00   3.7314001e-01   1.6740628e+00
   7.9627962e-01   0.0000000e+00   6.3639479e-01  -4.0124762e-01
   7.9627962e-01   0.0000000e+00   2.4981725e-01  -2.2545246e-01
   7.9627962e-01   0.0000000e+00   7.5790928e-01   1.2107818e+00
   7.9627962e-01   0.0000000e+00   1.4221824e-01   3.9424575e-02
   7.9627962e-01   0.0000000e+00   8.6112570e-01   7.7082562e-01
   7.9627962e-01   0.0000000e+00   6.3248810e-02   3.7471763e-01
   8.8366883e-01   0.0000000e+00   5.0483984e-01   1.6740628e+00
   8.8366883e-01   0.0000000e+00   3.7314001e-01  -4.0124762e-01
   8.8366883e-01   0.0000000e+00   6.3639479e-01  -2.2545246e-01
   8.8366883e-01   0.0000000e+00   2.4981725e-01   1.2107818e+00
   8.8366883e-01   0.0000000e+00   7.5790928e-01   3.9424575e-02
   8.8366883e-01   0.0000000e+00   1.4221824e-01   7.7082562e-01
   8.8366883e-01   0.0000000e+00   8.6112570e-01   3.7471763e-01
   4.4925790e-01   0.0000000e+00   5.0483984e-01  -4.0124762e-01
   4.4925790e-01   0.0000000e+00   3.7314001e-01  -2.2545246e-01
   4.4925790e-01   0.0000000e+00   6.3639479e-01   1.2107818e+00
   4.4925790e-01   0.0000000e+00   2.4981725e-01   3.9424575e-02
   4.4925790e-01   0.0000000e+00   7.5790928e-01   7.7082562e-01
   4.4925790e-01   0.0000000e+00   1.4221824e-01   3.7471763e-01
   9.4859609e-01   0.0000000e+00   5.0483984e-01  -2.2545246e-01
   9.4859609e-01   0.0000000e+00   3.7314001e-01   1.2107818e+00
   9.4859609e-01   0.0000000e+00   6.3639479e-01   3.9424575e-02
   9.4859609e-01   0.0000000e+00   2.4981725e-01   7.7082562e-01
   9.4859609e-01   0.0000000e+00   7.5790928e-01   3.7471763e-01
   9.8559802e-01   0.0000000e+00   5.0483984e-01   1.2107818e+00
   9.8559802e-01   0.0000000e+00   3.7314001e-01   3.9424575e-02
   9.8559802e-01   0.0000000e+00   6.3639479e-01   7.7082562e-01
   9.8559802e-01   0.0000000e+00   2.4981725e-01   3.7471763e-01
   3.2788143e-01   0.0000000e+00   5.0483984e-01   3.9424575e-02
   3.2788143e-01   0.0000000e+00   3.7314001e-01   7.7082562e-01
   3.2788143e-01   0.0000000e+00   6.3639479e-01   3.7471763e-01
   2.2053595e-01   0.0000000e+00   5.0483984e-01   7.7082562e-01
   2.2053595e-01   0.0000000e+00   3.7314001e-01   3.7471763e-01
   1.2561071e-01   0.0000000e+00   5.0483984e-01   3.7471763e-01
   6.9006404e-01   0.0000000e+00   5.0483984e-01   3.3935956e+00
   6.9006404e-01   0.0000000e+00   3.7314001e-01   3.0060838e+00
   6.9006404e-01   0.0000000e+00   6.3639479e-01   2.6065685e+00
   6.9006404e-01   0.0000000e+00   2.4981725e-01   2.1514382e+00
   6.9006404e-01   0.0000000e+00   7.5790928e-01   1.6740628e+00
   6.9006404e-01   0.0000000e+00   1.4221824e-01  -4.0124762e-01
   6.9006404e-01   0.0000000e+00   8.6112570e-01  -2.2545246e-01
   6.9006404e-01   0.0000000e+00   6.3248810e-02   1.2107818e+00
   6.9006404e-01   0.0000000e+00   9.3947482e-01   3.9424575e-02
   6.9006404e-01   0.0000000e+00   9.8632411e-01   7.7082562e-01
   6.9006404e-01   0.0000000e+00   1.4567889e-02   3.7471763e-01
   5.7209403e-01   0.0000000e+00   5.0483984e-01   3.0060838e+00
   5.7209403e-01   0.0000000e+00   3.7314001e-01   2.6065685e+00
   5.7209403e-01   0.0000000e+00   6.3639479e-01   2.1514382e+00
   5.7209403e-01   0.0000000e+00   2.4981725e-01   1.6740628e+00
   5.7209403e-01   0.0000000e+00   7.5790928e-01  -4.0124762e-01
   5.7209403e-01   0.0000000e+00   1.4221824e-01  -2.2545246e-01
   5.7209403e-01   0.0000000e+00   8.6112570e-01   1.2107818e+00
   5.7209403e-01   0.0000000e+00   6.3248810e-02   3.9424575e-02
   5.7209403e-01   0.0000000e+00   9.3947482e-01   7.7082562e-01
   5.7209403e-01   0.0000000e+00   9.8632411e-01   3.7471763e-01
   7.9627962e-01   0.0000000e+00   5.0483984e-01   2.6065685e+00
   7.9627962e-01   0.0000000e+00   3.7314001e-01   2.1514382e+00
   7.9627962e-01   0.0000000e+00   6.3639479e-01   1.6740628e+00
   7.9627962e-01   0.0000000e+00   2.4981725e-01  -4.0124762e-01
   7.9627962e-01   0.0000000e+00   7.5790928e-01  -2.2545246e-01
   7.9627962e-01   0.0000000e+00   1.4221824e-01   1.2107818e+00
   7.9627962e-01   0.0000000e+00   8.6112570e-01   3.9424575e-02
   7.9627962e-01   0.0000000e+00   6.3248810e-02   7.7082562e-01
   7.9627962e-01   0.0000000e+00   9.3947482e-01   3.7471763e-01
   8.8366883e-01   0.0000000e+00   5.0483984e-01   2.1514382e+00
   8.8366883e-01   0.0000000e+00   3.7314001e-01   1.6740628e+00
   8.8366883e-01   0.0000000e+00   6.3639479e-01  -4.0124762e-01
   8.8366883e-01   0.0000000e+00   2.4981725e-01  -2.2545246e-01
   8.8366883e-01   0.0000000e+00   7.5790928e-01   1.2107818e+00
   8.8366883e-01   0.0000000e+00   1.4221824e-01   3.9424575e-02
   8.8366883e-01   0.0000000e+00   8.6112570e-01   7.7082562e-01
   8.8366883e-01   0.0000000e+00   6.3248810e-02   3.7471763e-01
   4.4925790e-01   0.0000000e+00   5.0483984e-01   1.6740628e+00
   4.4925790e-01   0.0000000e+00   3.7314001e-01  -4.0124762e-01
   4.4925790e-01   0.0000000e+00   6.3639479e-01  -2.2545246e-01
   4.4925790e-01   0.0000000e+00   2.4981725e-01   1.2107818e+00
   4.4925790e-01   0.0000000e+00   7.5790928e-01   3.9424575e-02
   4.4925790e-01   0.0000000e+00   1.4221824e-01   7.7082562e-01
   4.4925790e-01   0.0000000e+00   8.6112570e-01   3.7471763e-01
   9.4859609e-01   0.0000000e+00   5.0483984e-01  -4.0124762e-01
   9.4859609e-01   0.0000000e+00   3.7314001e-01  -2.2545246e-01
   9.4859609e-01   0.0000000e+00   6.3639479e-01   1.2107818e+00
   9.4859609e-01   0.0000000e+00   2.4981725e-01   3.9424575e-02
   9.4859609e-01   0.0000000e+00   7.5790928e-01   7.7082562e-01
   9.4859609e-01   0.0000000e+00   1.4221824e-01   3.7471763e-01
   9.8559802e-01   0.0000000e+00   5.0483984e-01  -2.2545246e-01
   9.8559802e-01   0.0000000e+00   3.7314001e-01   1.2107818e+00
   9.8559802e-01   0.0000000e+00   6.3639479e-01   3.9424575e-02
   9.8559802e-01   0.0000000e+00   2.4981725e-01   7.7082562e-01
   9.8559802e-01   0.0000000e+00   7.5790928e-01   3.7471763e-01
   3.2788143e-01   0.0000000e+00   5.0483984e-01   1.2107818e+00
   3.2788143e-01   0.0000000e+00   3.7314001e-01   3.9424575e-02
   3.2788143e-01   0.0000000e+00   6.3639479e-01   7.7082562e-01
   3.2788143e-01   0.0000000e+00   2.4981725e-01   3.7471763e-01
   2.2053595e-01   0.0000000e+00   5.0483984e-01   3.9424575e-02
   2.2053595e-01   0.0000000e+00   3.7314001e-01   7.7082562e-01
   2.2053595e-01   0.0000000e+00   6.3639479e-01   3.7471763e-01
   1.2561071e-01   0.0000000e+00   5.0483984e-01   7.7082562e-01
   1.2561071e-01   0.0000000e+00   3.7314001e-01   3.7471763e-01
   5.4535365e-02   0.0000000e+00   5.0483984e-01   3.7471763e-01
   6.9006404e-01   0.0000000e+00   3.7314001e-01   3.3935956e+00
   6.9006404e-01   0.0000000e+00   6.3639479e-01   3.0060838e+00
   6.9006404e-01   0.0000000e+00   2.4981725e-01   2.6065685e+00
   6.9006404e-01   0.0000000e+00   7.5790928e-01   2.1514382e+00
   6.9006404e-01   0.0000000e+00   1.4221824e-01   1.6740628e+00
   6.9006404e-01   0.0000000e+00   8.6112570e-01  -4.0124762e-01
   6.9006404e-01   0.0000000e+00   6.3248810e-02  -2.2545246e-01
   6.9006404e-01   0.0000000e+00   9.3947482e-01   1.2107818e+00
   6.9006404e-01   0.0000000e+00   9.8632411e-01   3.9424575e-02
   6.9006404e-01   0.0000000e+00   1.4567889e-02   7.7082562e-01
   5.7209403e-01   0.0000000e+00   5.0483984e-01   3.3935956e+00
   5.7209403e-01   0.0000000e+00   3.7314001e-01   3.0060838e+00
   5.7209403e-01   0.0000000e+00   6.3639479e-01   2.6065685e+00
   5.7209403e-01   0.0000000e+00   2.4981725e-01   2.1514382e+00
   5.7209403e-01   0.0000000e+00   7.5790928e-01   1.6740628e+00
   5.7209403e-01   0.0000000e+00   1.4221824e-01  -4.0124762e-01
   5.7209403e-01   0.0000000e+00   8.6112570e-01  -2.2545246e-01
   5.7209403e-01   0.0000000e+00   6.3248810e-02   1.2107818e+00
   5.7209403e-01   0.0000000e+00   9.3947482e-01   3.9424575e-02
   5.7209403e-01   0.0000000e+00   9.8632411e-01   7.7082562e-01
   5.7209403e-01   0.0000000e+00   1.4567889e-02   3.7471763e-01
   7.9627962e-01   0.0000000e+00   5.0483984e-01   3.0060838e+00
   7.9627962e-01   0.0000000e+00   3.7314001e-01   2.6065685e+00
   7.9627962e-01   0.0000000e+00   6.3639479e-01   2.1514382e+00
   7.9627962e-01   0.0000000e+00   2.4981725e-01   1.6740628e+00
   7.9627962e-01   0.0000000e+00   7.5790928e-01  -4.0124762e-01
   7.9627962e-01   0.0000000e+00   1.4221824e-01  -2.2545246e-01
   7.9627962e-01   0.0000000e+00   8.6112570e-01   1.2107818e+00
   7.9627962e-01   0.0000000e+00   6.3248810e-02   3.9424575e-02
   7.9627962e-01   0.0000000e+00   9.3947482e-01   7.7082562e-01
   7.9627962e-01   0.0000000e+00   9.8632411e-01   3.7471763e-01
   8.8366883e-01   0.0000000e+00   5.0483984e-01   2.6065685e+00
   8.8366883e-01   0.0000000e+00   3.7314001e-01   2.1514382e+00
   8.8366883e-01   0.0000000e+00   6.3639479e-01   1.6740628e+00
   8.8366883e-01   0.0000000e+00   2.4981725e-01  -4.0124762e-01
   8.8366883e-01   0.0000000e+00   7.5790928e-01  -2.2545246e-01
   8.8366883e-01   0.0000000e+00   1.4221824e-01   1.2107818e+00
   8.8366883e-01   0.0000000e+00   8.6112570e-01   3.9424575e-02
   8.8366883e-01   0.0000000e+00   6.3248810e-02   7.7082562e-01
   8.8366883e-01   0.0000000e+00   9.3947482e-01   3.7471763e-01
   4.4925790e-01   0.0000000e+00   5.0483984e-01   2.1514382e+00
   4.4925790e-01   0.0000000e+00   3.7314001e-01   1.6740628e+00
   4.4925790e-01   0.0000000e+00   6.3639479e-01  -4.0124762e-01
   4.4925790e-01   0.0000000e+00   2.4981725e-01  -2.2545246e-01
   4.4925790e-01   0.0000000e+00   7.5790928e-01   1.2107818e+00
   4.4925790e-01   0.0000000e+00   1.4221824e-01   3.9424575e-02
   4.4925790e-01   0.0000000e+00   8.6112570e-01   7.7082562e-01
   4.4925790e-01   0.0000000e+00   6.3248810e-02   3.7471763e-01
   9.4859609e-01   0.0000000e+00   5.0483984e-01   1.6740628e+00
   9.4859609e-01   0.0000000e+00   3.7314001e-01  -4.0124762e-01
   9.4859609e-01   0.0000000e+00   6.3639479e-01  -2.2545246e-01
   9.4859609e-01   0.0000000e+00   2.4981725e-01   1.2107818e+00
   9.4859609e-01   0.0000000e+00   7.5790928e-01   3.9424575e-02
   9.4859609e-01   0.0000000e+00   1.4221824e-01   7.7082562e-01
   9.4859609e-01   0.0000000e+00   8.6112570e-01   3.7471763e-01
   9.8559802e-01   0.0000000e+00   5.0483984e-01  -4.0124762e-01
   9.8559802e-01   0.0000000e+00   3.7314001e-01  -2.2545246e-01
   9.8559802e-01   0.0000000e+00   6.3639479e-01   1.2107818e+00
   9.8559802e-01   0.0000000e+00   2.4981725e-01   3.9424575e-02
   9.8559802e-01   0.0000000e+00   7.5790928e-01   7.7082562e-01
   9.8559802e-01   0.0000000e+00   1.4221824e-01   3.7471763e-01
   3.2788143e-01   0.0000000e+00   5.0483984e-01  -2.2545246e-01
   3.2788143e-01   0.0000000e+00   3.7314001e-01   1.2107818e+00
   3.2788143e-01   0.0000000e+00   6.3639479e-01   3.9424575e-02
   3.2788143e-01   0.0000000e+00   2.4981725e-01   7.7082562e-01
   3.2788143e-01   0.0000000e+00   7.5790928e-01   3.7471763e-01
   2.2053595e-01   0.0000000e+00   5.0483984e-01   1.2107818e+00
   2.2053595e-01   0.0000000e+00   3.7314001e-01   3.9424575e-02
   2.2053595e-01   0.0000000e+00   6.3639479e-01   7.7082562e-01
   2.2053595e-01   0.0000000e+00   2.4981725e-01   3.7471763e-01
   1.2561071e-01   0.0000000e+00   5.0483984e-01   3.9424575e-02
   1.2561071e-01   0.0000000e+00   3.7314001e-01   7.7082562e-01
   1.2561071e-01   0.0000000e+00   6.3639479e-01   3.7471763e-01
   5.4535365e-02   0.0000000e+00   5.0483984e-01   7.7082562e-01
   5.4535365e-02   0.0000000e+00   3.7314001e-01   3.7471763e-01
   6.9006404e-01   0.0000000e+00   6.3639479e-01   3.3935956e+00
   6.9006404e-01   0.0000000e+00   2.4981725e-01   3.0060838e+00
   6.9006404e-01   0.0000000e+00   7.5790928e-01   2.6065685e+00
   6.9006404e-01   0.0000000e+00   1.4221824e-01   2.1514382e+00
   6.9006404e-01   0.0000000e+00   8.6112570e-01   1.6740628e+00
   6.9006404e-01   0.0000000e+00   6.3248810e-02  -4.0124762e-01
   6.9006404e-01   0.0000000e+00   9.3947482e-01  -2.2545246e-01
   6.9006404e-01   0.0000000e+00   9.8632411e-01   1.2107818e+00
   6.9006404e-01   0.0000000e+00   1.4567889e-02   3.9424575e-02
   5.7209403e-01   0.0000000e+00   3.7314001e-01   3.3935956e+00
   5.7209403e-01   0.0000000e+00   6.3639479e-01   3.0060838e+00
   5.7209403e-01   0.0000000e+00   2.4981725e-01   2.6065685e+00
   5.7209403e-01   0.0000000e+00   7.5790928e-01   2.1514382e+00
   5.7209403e-01   0.0000000e+00   1.4221824e-01   1.6740628e+00
   5.7209403e-01   0.0000000e+00   8.6112570e-01  -4.0124762e-01
   5.7209403e-01   0.0000000e+00   6.3248810e-02  -2.2545246e-01
   5.7209403e-01   0.0000000e+00   9.3947482e-01   1.2107818e+00
   5.7209403e-01   0.0000000e+00   9.8632411e-01   3.9424575e-02
   5.7209403e-01   0.0000000e+00   1.4567889e-02   7.7082562e-01
   7.9627962e-01   0.0000000e+00   5.0483984e-01   3.3935956e+00
   7.9627962e-01   0.0000000e+00   3.7314001e-01   3.0060838e+00
   7.9627962e-01   0.0000000e+00   6.3639479e-01   2.6065685e+00
   7.9627962e-01   0.0000000e+00   2.4981725e-01   2.1514382e+00
   7.9627962e-01   0.0000000e+00   7.5790928e-01   1.6740628e+00
   7.9627962e-01   0.0000000e+00   1.4221824e-01  -4.0124762e-01
   7.9627962e-01   0.0000000e+00   8.6112570e-01  -2.2545246e-01
   7.9627962e-01   0.0000000e+00   6.3248810e-02   1.2107818e+00
   7.9627962e-01   0.0000000e+00   9.3947482e-01   3.9424575e-02
   7.9627962e-01   0.0000000e+00   9.8632411e-01   7.7082562e-01
   7.9627962e-01   0.0000000e+00   1.4567889e-02   3.7471763e-01
   8.8366883e-01   0.0000000e+00   5.0483984e-01   3.0060838e+00
   8.8366883e-01   0.0000000e+00   3.7314001e-01   2.6065685e+00
   8.8366883e-01   0.0000000e+00   6.3639479e-01   2.1514382e+00
   8.8366883e-01   0.0000000e+00   2.4981725e-01   1.6740628e+00
   8.8366883e-01   0.0000000e+00   7.5790928e-01  -4.0124762e-01
   8.8366883e-01   0.0000000e+00   1.4221824e-01  -2.2545246e-01
   8.8366883e-01   0.0000000e+00   8.6112570e-01   1.2107818e+00
   8.8366883e-01   0.0000000e+00   6.3248810e-02   3.9424575e-02
   8.8366883e-01   0.0000000e+00   9.3947482e-01   7.7082562e-01
   8.8366883e-01   0.0000000e+00   9.8632411e-01   3.7471763e-01
   4.4925790e-01   0.0000000e+00   5.0483984e-01   2.6065685e+00
   4.4925790e-01   0.0000000e+00   3.7314001e-01   2.1514382e+00
   4.4925790e-01   0.0000000e+00   6.3639479e-01   1.6740628e+00
   4.4925790e-01   0.0000000e+00   2.4981725e-01  -4.0124762e-01
   4.4925790e-01   0.0000000e+00   7.5790928e-01  -2.2545246e-01
   4.4925790e-01   0.0000000e+00   1.4221824e-01   1.2107818e+00
   4.4925790e-01   0.0000000e+00   8.6112570e-01   3.9424575e-02
   4.4925790e-01   0.0000000e+00   6.3248810e-02   7.7082562e-01
   4.4925790e-01   0.0000000e+00   9.3947482e-01   3.7471763e-01
   9.4859609e-01   0.0000000e+00   5.0483984e-01   2.1514382e+00
   9.4859609e-01   0.0000000e+00   3.7314001e-01   1.6740628e+00
   9.4859609e-01   0.0000000e+00   6.3639479e-01  -4.0124762e-01
   9.4859609e-01   0.0000000e+00   2.4981725e-01  -2.2545246e-01
   9.4859609e-01   0.0000000e+00   7.5790928e-01   1.2107818e+00
   9.4859609e-01   0.0000000e+00   1.4221824e-01   3.9424575e-02
   9.4859609e-01   0.0000000e+00   8.6112570e-01   7.7082562e-01
   9.4859609e-01   0.0000000e+00   6.3248810e-02   3.7471763e-01
   9.8559802e-01   0.0000000e+00   5.0483984e-01   1.6740628e+00
   9.8559802e-01   0.0000000e+00   3.7314001e-01  -4.0124762e-01
   9.8559802e-01   0.0000000e+00   6.3639479e-01  -2.2545246e-01
   9.8559802e-01   0.0000000e+00   2.4981725e-01   1.2107818e+00
   9.8559802e-01   0.0000000e+00   7.5790928e-01   3.9424575e-02
   9.8559802e-01   0.0000000e+00   1.4221824e-01   7.7082562e-01
   9.8559802e-01   0.0000000e+00   8.6112570e-01   3.7471763e-01
   3.2788143e-01   0.0000000e+00   5.0483984e-01  -4.0124762e-01
   3.2788143e-01   0.0000000e+00   3.7314001e-01  -2.2545246e-01
   3.2788143e-01   0.0000000e+00   6.3639479e-01   1.2107818e+00
   3.2788143e-01   0.0000000e+00   2.4981725e-01   3.9424575e-02
   3.2788143e-01   0.0000000e+00   7.5790928e-01   7.7082562e-01
   3.2788143e-01   0.0000000e+00   1.4221824e-01   3.7471763e-01
   2.2053595e-01   0.0000000e+00   5.0483984e-01  -2.2545246e-01
   2.2053595e-01   0.0000000e+00   3.7314001e-01   1.2107818e+00
   2.2053595e-01   0.0000000e+00   6.3639479e-01   3.9424575e-02
   2.2053595e-01   0.0000000e+00   2.4981725e-01   7.7082562e-01
   2.2053595e-01   0.0000000e+00   7.5790928e-01   3.7471763e-01
   1.2561071e-01   0.0000000e+00   5.0483984e-01   1.2107818e+00
   1.2561071e-01   0.0000000e+00   3.7314001e-01   3.9424575e-02
   1.2561071e-01   0.0000000e+00   6.3639479e-01   7.7082562e-01
   1.2561071e-01   0.0000000e+00   2.4981725e-01   3.7471763e-01
   5.4535365e-02   0.0000000e+00   5.0483984e-01   3.9424575e-02
   5.4535365e-02   0.0000000e+00   3.7314001e-01   7.7082562e-01
   5.4535365e-02   0.0000000e+00   6.3639479e-01   3.7471763e-01
   6.9006404e-01   0.0000000e+00   2.4981725e-01   3.3935956e+00
   6.9006404e-01   0.0000000e+00   7.5790928e-01   3.0060838e+00
   6.9006404e-01   0.0000000e+00   1.4221824e-01   2.6065685e+00
   6.9006404e-01   0.0000000e+00   8.6112570e-01   2.1514382e+00
   6.9006404e-01   0.0000000e+00   6.3248810e-02   1.6740628e+00
   6.9006404e-01   0.0000000e+00   9.3947482e-01  -4.0124762e-01
   6.9006404e-01   0.0000000e+00   9.8632411e-01  -2.2545246e-01
   6.9006404e-01   0.0000000e+00   1.4567889e-02   1.2107818e+00
   5.7209403e-01   0.0000000e+00   6.3639479e-01   3.3935956e+00
   5.7209403e-01   0.0000000e+00   2.4981725e-01   3.0060838e+00
   5.7209403e-01   0.0000000e+00   7.5790928e-01   2.6065685e+00
   5.7209403e-01   0.0000000e+00   1.4221824e-01   2.1514382e+00
   5.7209403e-01   0.0000000e+00   8.6112570e-01   1.6740628e+00
   5.7209403e-01   0.0000000e+00   6.3248810e-02  -4.0124762e-01
   5.7209403e-01   0.0000000e+00   9.3947482e-01  -2.2545246e-01
   5.7209403e-01   0.0000000e+00   9.8632411e-01   1.2107818e+00
   5.7209403e-01   0.0000000e+00   1.4567889e-02   3.9424575e-02
   7.9627962e-01   0.0000000e+00   3.7314001e-01   3.3935956e+00
   7.9627962e-01   0.0000000e+00   6.3639479e-01   3.0060838e+00
   7.9627962e-01   0.0000000e+00   2.4981725e-01   2.6065685e+00
   7.9627962e-01   0.0000000e+00   7.5790928e-01   2.1514382e+00
   7.9627962e-01   0.0000000e+00   1.4221824e-01   1.6740628e+00
   7.9627962e-01   0.0000000e+00   8.6112570e-01  -4.0124762e-01
   7.9627962e-01   0.0000000e+00   6.3248810e-02  -2.2545246e-01
   7.9627962e-01   0.0000000e+00   9.3947482e-01   1.2107818e+00
   7.9627962e-01   0.0000000e+00   9.8632411e-01   3.9424575e-02
   7.9627962e-01   0.0000000e+00   1.4567889e-02   7.7082562e-01
   8.8366883e-01   0.0000000e+00   5.0483984e-01   3.3935956e+00
   8.8366883e-01   0.0000000e+00   3.7314001e-01   3.0060838e+00
   8.8366883e-01   0.0000000e+00   6.3639479e-01   2.6065685e+00
   8.8366883e-01   0.0000000e+00   2.4981725e-01   2.1514382e+00
   8.8366883e-01   0.0000000e+00   7.5790928e-01   1.6740628e+00
   8.8366883e-01   0.0000000e+00   1.4221824e-01  -4.0124762e-01
   8.8366883e-01   0.0000000e+00   8.6112570e-01  -2.2545246e-01
   8.8366883e-01   0.0000000e+00   6.3248810e-02   1.2107818e+00
   8.8366883e-01   0.0000000e+00   9.3947482e-01   3.9424575e-02
   8.8366883e-01   0.0000000e+00   9.8632411e-01   7.7082562e-01
   8.8366883e-01   0.0000000e+00   1.4567889e-02   3.7471763e-01
   4.4925790e-01   0.0000000e+00   5.0483984e-01   3.0060838e+00
   4.4925790e-01   0.0000000e+00   3.7314001e-01   2.6065685e+00
   4.4925790e-01   0.0000000e+00   6.3639479e-01   2.1514382e+00
   4.4925790e-01   0.0000000e+00   2.4981725e-01   1.6740628e+00
   4.4925790e-01   0.0000000e+00   7.5790928e-01  -4.0124762e-01
   4.4925790e-01   0.0000000e+00   1.4221824e-01  -2.2545246e-01
   4.4925790e-01   0.0000000e+00   8.6112570e-01   1.2107818e+00
   4.4925790e-01   0.0000000e+00   6.3248810e-02   3.9424575e-02
   4.4925790e-01   0.0000000e+00   9.3947482e-01   7.7082562e-01
   4.4925790e-01   0.0000000e+00   9.8632411e-01   3.7471763e-01
   9.4859609e-01   0.0000000e+00   5.0483984e-01   2.6065685e+00
   9.4859609e-01   0.0000000e+00   3.7314001e-01   2.1514382e+00
   9.4859609e-01   0.0000000e+00   6.3639479e-01   1.6740628e+00
   9.4859609e-01   0.0000000e+00   2.4981725e-01  -4.0124762e-01
   9.4859609e-01   0.0000000e+00   7.5790928e-01  -2.2545246e-01
   9.4859609e-01   0.0000000e+00   1.4221824e-01   1.2107818e+00
   9.4859609e-01   0.0000000e+00   8.6112570e-01   3.9424575e-02
   9.4859609e-01   0.0000000e+00   6.3248810e-02   7.7082562e-01
   9.4859609e-01   0.0000000e+00   9.3947482e-01   3.7471763e-01
   9.8559802e-01   0.0000000e+00   5.0483984e-01   2.1514382e+00
   9.8559802e-01   0.0000000e+00   3.7314001e-01   1.6740628e+00
   9.8559802e-01   0.0000000e+00   6.3639479e-01  -4.0124762e-01
   9.8559802e-01   0.0000000e+00   2.4981725e-01  -2.2545246e-01
   9.8559802e-01   0.0000000e+00   7.5790928e-01   1.2107818e+00
   9.8559802e-01   0.0000000e+00   1.4221824e-01   3.9424575e-02
   9.8559802e-01   0.0000000e+00   8.6112570e-01   7.7082562e-01
   9.8559802e-01   0.0000000e+00   6.3248810e-02   3.7471763e-01
   3.2788143e-01   0.0000000e+00   5.0483984e-01   1.6740628e+00
   3.2788143e-01   0.0000000e+00   3.7314001e-01  -4.0124762e-01
   3.2788143e-01   0.0000000e+00   6.3639479e-01  -2.2545246e-01
   3.2788143e-01   0.0000000e+00   2.4981725e-01   1.2107818e+00
   3.2788143e-01   0.0000000e+00   7.5790928e-01   3.9424575e-02
   3.2788143e-01   0.0000000e+00   1.4221824e-01   7.7082562e-01
   3.2788143e-01   0.0000000e+00   8.6112570e-01   3.7471763e-01
   2.2053595e-01   0.0000000e+00   5.0483984e-01  -4.0124762e-01
   2.2053595e-01   0.0000000e+00   3.7314001e-01  -2.2545246e-01
   2.2053595e-01   0.0000000e+00   6.3639479e-01   1.2107818e+00
   2.2053595e-01   0.0000000e+00   2.4981725e-01   3.9424575e-02
   2.2053595e-01   0.0000000e+00   7.5790928e-01   7.7082562e-01
   2.2053595e-01   0.0000000e+00   1.4221824e-01   3.7471763e-01
   1.2561071e-01   0.0000000e+00   5.0483984e-01  -2.2545246e-01
   1.2561071e-01   0.0000000e+00   3.7314001e-01   1.2107818e+00
   1.2561071e-01   0.0000000e+00   6.3639479e-01   3.9424575e-02
   1.2561071e-01   0.0000000e+00   2.4981725e-01   7.7082562e-01
   1.2561071e-01   0.0000000e+00   7.5790928e-01   3.7471763e-01
   5.4535365e-02   0.0000000e+00   5.0483984e-01   1.2107818e+00
   5.4535365e-02   0.0000000e+00   3.7314001e-01   3.9424575e-02
   5.4535365e-02   0.0000000e+00   6.3639479e-01   7.7082562e-01
   5.4535365e-02   0.0000000e+00   2.4981725e-01   3.7471763e-01
   6.9006404e-01   0.0000000e+00   7.5790928e-01   3.3935956e+00
   6.9006404e-01   0.0000000e+00   1.4221824e-01   3.0060838e+00
   6.9006404e-01   0.0000000e+00   8.6112570e-01   2.6065685e+00
   6.9006404e-01   0.0000000e+00   6.3248810e-02   2.1514382e+00
   6.9006404e-01   0.0000000e+00   9.3947482e-01   1.6740628e+00
   6.9006404e-01   0.0000000e+00   9.8632411e-01  -4.0124762e-01
   6.9006404e-01   0.0000000e+00   1.4567889e-02  -2.2545246e-01
   5.7209403e-01   0.0000000e+00   2.4981725e-01   3.3935956e+00
   5.7209403e-01   0.0000000e+00   7.5790928e-01   3.0060838e+00
   5.7209403e-01   0.0000000e+00   1.4221824e-01   2.6065685e+00
   5.7209403e-01   0.0000000e+00   8.6112570e-01   2.1514382e+00
   5.7209403e-01   0.0000000e+00   6.3248810e-02   1.6740628e+00
   5.7209403e-01   0.0000000e+00   9.3947482e-01  -4.0124762e-01
   5.7209403e-01   0.0000000e+00   9.8632411e-01  -2.2545246e-01
   5.7209403e-01   0.0000000e+00   1.4567889e-02   1.2107818e+00
   7.9627962e-01   0.0000000e+00   6.3639479e-01   3.3935956e+00
   7.9627962e-01   0.0000000e+00   2.4981725e-01   3.0060838e+00
   7.9627962e-01   0.0000000e+00   7.5790928e-01   2.6065685e+00
   7.9627962e-01   0.0000000e+00   1.4221824e-01   2.1514382e+00
   7.9627962e-01   0.0000000e+00   8.6112570e-01   1.6740628e+00
   7.9627962e-01   0.0000000e+00   6.3248810e-02  -4.0124762e-01
   7.9627962e-01   0.0000000e+00   9.3947482e-01  -2.2545246e-01
   7.9627962e-01   0.0000000e+00   9.8632411e-01   1.2107818e+00
   7.9627962e-01   0.0000000e+00   1.4567889e-02   3.9424575e-02
   8.8366883e-01   0.0000000e+00   3.7314001e-01   3.3935956e+00
   8.8366883e-01   0.0000000e+00   6.3639479e-01   3.0060838e+00
   8.8366883e-01   0.0000000e+00   2.4981725e-01   2.6065685e+00
   8.8366883e-01   0.0000000e+00   7.5790928e-01   2.1514382e+00
   8.8366883e-01   0.0000000e+00   1.4221824e-01   1.6740628e+00
   8.8366883e-01   0.0000000e+00   8.6112570e-01  -4.0124762e-01
   8.8366883e-01   0.0000000e+00   6.3248810e-02  -2.2545246e-01
   8.8366883e-01   0.0000000e+00   9.3947482e-01   1.2107818e+00
   8.8366883e-01   0.0000000e+00   9.8632411e-01   3.9424575e-02
   8.8366883e-01   0.0000000e+00   1.4567889e-02   7.7082562e-01
   4.4925790e-01   0.0000000e+00   5.0483984e-01   3.3935956e+00
   4.4925790e-01   0.0000000e+00   3.7314001e-01   3.0060838e+00
   4.4925790e-01   0.0000000e+00   6.3639479e-01   2.6065685e+00
   4.4925790e-01   0.0000000e+00   2.4981725e-01   2.1514382e+00
   4.4925790e-01   0.0000000e+00   7.5790928e-01   1.6740628e+00
   4.4925790e-01   0.0000000e+00   1.4221824e-01  -4.0124762e-01
   4.4925790e-01   0.0000000e+00   8.6112570e-01  -2.2545246e-01
   4.4925790e-01   0.0000000e+00   6.3248810e-02   1.2107818e+00
   4.4925790e-01   0.0000000e+00   9.3947482e-01   3.9424575e-02
   4.4925790e-01   0.0000000e+00   9.8632411e-01   7.7082562e-01
   4.4925790e-01   0.0000000e+00   1.4567889e-02   3.7471763e-01
   9.4859609e-01   0.0000000e+00   5.0483984e-01   3.0060838e+00
   9.4859609e-01   0.0000000e+00   3.7314001e-01   2.6065685e+00
   9.4859609e-01   0.0000000e+00   6.3639479e-01   2.1514382e+00
   9.4859609e-01   0.0000000e+00   2.4981725e-01   1.6740628e+00
   9.4859609e-01   0.0000000e+00   7.5790928e-01  -4.0124762e-01
   9.4859609e-01   0.0000000e+00   1.4221824e-01  -2.2545246e-01
   9.4859609e-01   0.0000000e+00   8.6112570e-01   1.2107818e+00
   9.4859609e-01   0.0000000e+00   6.3248810e-02   3.9424575e-02
   9.4859609e-01   0.0000000e+00   9.3947482e-01   7.7082562e-01
   9.4859609e-01   0.0000000e+00   9.8632411e-01   3.7471763e-01
   9.8559802e-01   0.0000000e+00   5.0483984e-01   2.6065685e+00
   9.8559802e-01   0.0000000e+00   3.7314001e-01   2.1514382e+00
   9.8559802e-01   0.0000000e+00   6.3639479e-01   1.6740628e+00
   9.8559802e-01   0.0000000e+00   2.4981725e-01  -4.0124762e-01
   9.8559802e-01   0.0000000e+00   7.5790928e-01  -2.2545246e-01
   9.8559802e-01   0.0000000e+00   1.4221824e-01   1.2107818e+00
   9.8559802e-01   0.0000000e+00   8.6112570e-01   3.9424575e-02
   9.8559802e-01   0.0000000e+00   6.3248810e-02   7.7082562e-01
   9.8559802e-01   0.0000000e+00   9.3947482e-01   3.7471763e-01
   3.2788143e-01   0.0000000e+00   5.0483984e-01   2.1514382e+00
   3.2788143e-01   0.0000000e+00   3.7314001e-01   1.6740628e+00
   3.2788143e-01   0.0000000e+00   6.3639479e-01  -4.0124762e-01
   3.2788143e-01   0.0000000e+00   2.4981725e-01  -2.2545246e-01
   3.2788143e-01   0.0000000e+00   7.5790928e-01   1.2107818e+00
   3.2788143e-01   0.0000000e+00   1.4221824e-01   3.9424575e-02
   3.2788143e-01   0.0000000e+00   8.6112570e-01   7.7082562e-01
   3.2788143e-01   0.0000000e+00   6.3248810e-02   3.7471763e-01
   2.2053595e-01   0.0000000e+00   5.0483984e-01   1.6740628e+00
   2.2053595e-01   0.0000000e+00   3.7314001e-01  -4.0124762e-01
   2.2053595e-01   0.0000000e+00   6.3639479e-01  -2.2545246e-01
   2.2053595e-01   0.0000000e+00   2.4981725e-01   1.2107818e+00
   2.2053595e-01   0.0000000e+00   7.5790928e-01   3.9424575e-02
   2.2053595e-01   0.0000000e+00   1.4221824e-01   7.7082562e-01
   2.2053595e-01   0.0000000e+00   8.6112570e-01   3.7471763e-01
   1.2561071e-01   0.0000000e+00   5.0483984e-01  -4.0124762e-01
   1.2561071e-01   0.0000000e+00   3.7314001e-01  -2.2545246e-01
   1.2561071e-01   0.0000000e+00   6.3639479e-01   1.2107818e+00
   1.2561071e-01   0.0000000e+00   2.4981725e-01   3.9424575e-02
   1.2561071e-01   0.0000000e+00   7.5790928e-01   7.7082562e-01
   1.2561071e-01   0.0000000e+00   1.4221824e-01   3.7471763e-01
   5.4535365e-02   0.0000000e+00   5.0483984e-01  -2.2545246e-01
   5.4535365e-02   0.0000000e+00   3.7314001e-01   1.2107818e+00
   5.4535365e-02   0.0000000e+00   6.3639479e-01   3.9424575e-02
   5.4535365e-02   0.0000000e+00   2.4981725e-01   7.7082562e-01
   5.4535365e-02   0.0000000e+00   7.5790928e-01   3.7471763e-01
   6.9006404e-01   0.0000000e+00   1.4221824e-01   3.3935956e+00
   6.9006404e-01   0.0000000e+00   8.6112570e-01   3.0060838e+00
   6.9006404e-01   0.0000000e+00   6.3248810e-02   2.6065685e+00
   6.9006404e-01   0.0000000e+00   9.3947482e-01   2.1514382e+00
   6.9006404e-01   0.0000000e+00   9.8632411e-01   1.6740628e+00
   6.9006404e-01   0.0000000e+00   1.4567889e-02  -4.0124762e-01
   5.7209403e-01   0.0000000e+00   7.5790928e-01   3.3935956e+00
   5.7209403e-01   0.0000000e+00   1.4221824e-01   3.0060838e+00
   5.7209403e-01   0.0000000e+00   8.6112570e-01   2.6065685e+00
   5.7209403e-01   0.0000000e+00   6.3248810e-02   2.1514382e+00
   5.7209403e-01   0.0000000e+00   9.3947482e-01   1.6740628e+00
   5.7209403e-01   0.0000000e+00   9.8632411e-01  -4.0124762e-01
   5.7209403e-01   0.0000000e+00   1.4567889e-02  -2.2545246e-01
   7.9627962e-01   0.0000000e+00   2.4981725e-01   3.3935956e+00
   7.9627962e-01   0.0000000e+00   7.5790928e-01   3.0060838e+00
   7.9627962e-01   0.0000000e+00   1.4221824e-01   2.6065685e+00
   7.9627962e-01   0.0000000e+00   8.6112570e-01   2.1514382e+00
   7.9627962e-01   0.0000000e+00   6.3248810e-02   1.6740628e+00
   7.9627962e-01   0.0000000e+00   9.3947482e-01  -4.0124762e-01
   7.9627962e-01   0.0000000e+00   9.8632411e-01  -2.2545246e-01
   7.9627962e-01   0.0000000e+00   1.4567889e-02   1.2107818e+00
   8.8366883e-01   0.0000000e+00   6.3639479e-01   3.3935956e+00
   8.8366883e-01   0.0000000e+00   2.4981725e-01   3.0060838e+00
   8.8366883e-01   0.0000000e+00   7.5790928e-01   2.6065685e+00
   8.8366883e-01   0.0000000e+00   1.4221824e-01   2.1514382e+00
   8.8366883e-01   0.0000000e+00   8.6112570e-01   1.6740628e+00
   8.8366883e-01   0.0000000e+00   6.3248810e-02  -4.0124762e-01
   8.8366883e-01   0.0000000e+00   9.3947482e-01  -2.2545246e-01
   8.8366883e-01   0.0000000e+00   9.8632411e-01   1.2107818e+00
   8.8366883e-01   0.0000000e+00   1.4567889e-02   3.9424575e-02
   4.4925790e-01   0.0000000e+00   3.7314001e-01   3.3935956e+00
   4.4925790e-01   0.0000000e+00   6.3639479e-01   3.0060838e+00
   4.4925790e-01   0.0000000e+00   2.4981725e-01   2.6065685e+00
   4.4925790e-01   0.0000000e+00   7.5790928e-01   2.1514382e+00
   4.4925790e-01   0.0000000e+00   1.4221824e-01   1.6740628e+00
   4.4925790e-01   0.0000000e+00   8.6112570e-01  -4.0124762e-01
   4.4925790e-01   0.0000000e+00   6.3248810e-02  -2.2545246e-01
   4.4925790e-01   0.0000000e+00   9.3947482e-01   1.2107818e+00
   4.4925790e-01   0.0000000e+00   9.8632411e-01   3.9424575e-02
   4.4925790e-01   0.0000000e+00   1.4567889e-02   7.7082562e-01
   9.4859609e-01   0.0000000e+00   5.0483984e-01   3.3935956e+00
   9.4859609e-01   0.0000000e+00   3.7314001e-01   3.0060838e+00
   9.4859609e-01   0.0000000e+00   6.3639479e-01   2.6065685e+00
   9.4859609e-01   0.0000000e+00   2.4981725e-01   2.1514382e+00
   9.4859609e-01   0.0000000e+00   7.5790928e-01   1.6740628e+00
   9.4859609e-01   0.0000000e+00   1.4221824e-01  -4.0124762e-01
   9.4859609e-01   0.0000000e+00   8.6112570e-01  -2.2545246e-01
   9.4859609e-01   0.0000000e+00   6.3248810e-02   1.2107818e+00
   9.4859609e-01   0.0000000e+00   9.3947482e-01   3.9424575e-02
   9.4859609e-01   0.0000000e+00   9.8632411e-01   7.7082562e-01
   9.4859609e-01   0.0000000e+00   1.4567889e-02   3.7471763e-01
   9.8559802e-01   0.0000000e+00   5.0483984e-01   3.0060838e+00
   9.8559802e-01   0.0000000e+00   3.7314001e-01   2.6065685e+00
   9.8559802e-01   0.0000000e+00   6.3639479e-01   2.1514382e+00
   9.8559802e-01   0.0000000e+00   2.4981725e-01   1.6740628e+00
   9.8559802e-01   0.0000000e+00   7.5790928e-01  -4.0124762e-01
   9.8559802e-01   0.0000000e+00   1.4221824e-01  -2.2545246e-01
   9.8559802e-01   0.0000000e+00   8.6112570e-01   1.2107818e+00
   9.8559802e-01   0.0000000e+00   6.3248810e-02   3.9424575e-02
   9.8559802e-01   0.0000000e+00   9.3947482e-01   7.7082562e-01
   9.8559802e-01   0.0000000e+00   9.8632411e-01   3.7471763e-01
   3.2788143e-01   0.0000000e+00   5.0483984e-01   2.6065685e+00
   3.2788143e-01   0.0000000e+00   3.7314001e-01   2.1514382e+00
   3.2788143e-01   0.0000000e+00   6.3639479e-01   1.6740628e+00
   3.2788143e-01   0.0000000e+00   2.4981725e-01  -4.0124762e-01
   3.2788143e-01   0.0000000e+00   7.5790928e-01  -2.2545246e-01
   3.2788143e-01   0.0000000e+00   1.4221824e-01   1.2107818e+00
   3.2788143e-01   0.0000000e+00   8.6112570e-01   3.9424575e-02
   3.2788143e-01   0.0000000e+00   6.3248810e-02   7.7082562e-01
   3.2788143e-01   0.0000000e+00   9.3947482e-01   3.7471763e-01
   2.2053595e-01   0.0000000e+00   5.0483984e-01   2.1514382e+00
   2.2053595e-01   0.0000000e+00   3.7314001e-01   1.6740628e+00
   2.2053595e-01   0.0000000e+00   6.3639479e-01  -4.0124762e-01
   2.2053595e-01   0.0000000e+00   2.4981725e-01  -2.2545246e-01
   2.2053595e-01   0.0000000e+00   7.5790928e-01   1.2107818e+00
   2.2053595e-01   0.0000000e+00   1.4221824e-01   3.9424575e-02
   2.2053595e-01   0.0000000e+00   8.6112570e-01   7.7082562e-01
   2.2053595e-01   0.0000000e+00   6.3248810e-02   3.7471763e-01
   1.2561071e-01   0.0000000e+00   5.0483984e-01   1.6740628e+00
   1.2561071e-01   0.0000000e+00   3.7314001e-01  -4.0124762e-01
   1.2561071e-01   0.0000000e+00   6.3639479e-01  -2.2545246e-01
   1.2561071e-01   0.0000000e+00   2.4981725e-01   1.2107818e+00
   1.2561071e-01   0.0000000e+00   7.5790928e-01   3.9424575e-02
   1.2561071e-01   0.0000000e+00   1.4221824e-01   7.7082562e-01
   1.2561071e-01   0.0000000e+00   8.6112570e-01   3.7471763e-01
   5.4535365e-02   0.0000000e+00   5.0483984e-01  -4.0124762e-01
   5.4535365e-02   0.0000000e+00   3.7314001e-01  -2.2545246e-01
   5.4535365e-02   0.0000000e+00   6.3639479e-01   1.2107818e+00
   5.4535365e-02   0.0000000e+00   2.4981725e-01   3.9424575e-02
   5.4535365e-02   0.0000000e+00   7.5790928e-01   7.7082562e-01
   5.4535365e-02   0.0000000e+00   1.4221824e-01   3.7471763e-01
   6.9006404e-01   0.0000000e+00   8.6112570e-01   3.3935956e+00
   6.9006404e-01   0.0000000e+00   6.3248810e-02   3.0060838e+00
   6.9006404e-01   0.0000000e+00   9.3947482e-01   2.6065685e+00
   6.9006404e-01   0.0000000e+00   9.8632411e-01   2.1514382e+00
   6.9006404e-01   0.0000000e+00   1.4567889e-02   1.6740628e+00
   5.7209403e-01   0.0000000e+00   1.4221824e-01   3.3935956e+00
   5.7209403e-01   0.0000000e+00   8.6112570e-01   3.0060838e+00
   5.7209403e-01   0.0000000e+00   6.3248810e-02   2.6065685e+00
   5.7209403e-01   0.0000000e+00   9.3947482e-01   2.1514382e+00
   5.7209403e-01   0.0000000e+00   9.8632411e-01   1.6740628e+00
   5.7209403e-01   0.0000000e+00   1.4567889e-02  -4.0124762e-01
   7.9627962e-01   0.0000000e+00   7.5790928e-01   3.3935956e+00
   7.9627962e-01   0.0000000e+00   1.4221824e-01   3.0060838e+00
   7.9627962e-01   0.0000000e+00   8.6112570e-01   2.6065685e+00
   7.9627962e-01   0.0000000e+00   6.3248810e-02   2.1514382e+00
   7.9627962e-01   0.0000000e+00   9.3947482e-01   1.6740628e+00
   7.9627962e-01   0.0000000e+00   9.8632411e-01  -4.0124762e-01
   7.9627962e-01   0.0000000e+00   1.4567889e-02  -2.2545246e-01
   8.8366883e-01   0.0000000e+00   2.4981725e-01   3.3935956e+00
   8.8366883e-01   0.0000000e+00   7.5790928e-01   3.0060838e+00
   8.8366883e-01   0.0000000e+00   1.4221824e-01   2.6065685e+00
   8.8366883e-01   0.0000000e+00   8.6112570e-01   2.1514382e+00
   8.8366883e-01   0.0000000e+00   6.3248810e-02   1.6740628e+00
   8.8366883e-01   0.0000000e+00   9.3947482e-01  -4.0124762e-01
   8.8366883e-01   0.0000000e+00   9.8632411e-01  -2.2545246e-01
   8.8366883e-01   0.0000000e+00   1.4567889e-02   1.2107818e+00
   4.4925790e-01   0.0000000e+00   6.3639479e-01   3.3935956e+00
   4.4925790e-01   0.0000000e+00   2.4981725e-01   3.0060838e+00
   4.4925790e-01   0.0000000e+00   7.5790928e-01   2.6065685e+00
   4.4925790e-01   0.0000000e+00   1.4221824e-01   2.1514382e+00
   4.4925790e-01   0.0000000e+00   8.6112570e-01   1.6740628e+00
   4.4925790e-01   0.0000000e+00   6.3248810e-02  -4.0124762e-01
   4.4925790e-01   0.0000000e+00   9.3947482e-01  -2.2545246e-01
   4.4925790e-01   0.0000000e+00   9.8632411e-01   1.2107818e+00
   4.4925790e-01   0.0000000e+00   1.4567889e-02   3.9424575e-02
   9.4859609e-01   0.0000000e+00   3.7314001e-01   3.3935956e+00
   9.4859609e-01   0.0000000e+00   6.3639479e-01   3.0060838e+00
   9.4859609e-01   0.0000000e+00   2.4981725e-01   2.6065685e+00
   9.4859609e-01   0.0000000e+00   7.5790928e-01   2.1514382e+00
   9.4859609e-01   0.0000000e+00   1.4221824e-01   1.6740628e+00
   9.4859609e-01   0.0000000e+00   8.6112570e-01  -4.0124762e-01
   9.4859609e-01   0.0000000e+00   6.3248810e-02  -2.2545246e-01
   9.4859609e-01   0.0000000e+00   9.3947482e-01   1.2107818e+00
   9.4859609e-01   0.0000000e+00   9.8632411e-01   3.9424575e-02
   9.4859609e-01   0.0000000e+00   1.4567889e-02   7.7082562e-01
   9.8559802e-01   0.0000000e+00   5.0483984e-01   3.3935956e+00
   9.8559802e-01   0.0000000e+00   3.7314001e-01   3.0060838e+00
   9.8559802e-01   0.0000000e+00   6.3639479e-01   2.6065685e+00
   9.8559802e-01   0.0000000e+00   2.4981725e-01   2.1514382e+00
   9.8559802e-01   0.0000000e+00   7.5790928e-01   1.6740628e+00
   9.8559802e-01   0.0000000e+00   1.4221824e-01  -4.0124762e-01
   9.8559802e-01   0.0000000e+00   8.6112570e-01  -2.2545246e-01
   9.8559802e-01   0.0000000e+00   6.3248810e-02   1.2107818e+00
   9.8559802e-01   0.0000000e+00   9.3947482e-01   3.9424575e-02
   9.8559802e-01   0.0000000e+00   9.8632411e-01   7.7082562e-01
   9.8559802e-01   0.0000000e+00   1.4567889e-02   3.7471763e-01
   3.2788143e-01   0.0000000e+00   5.0483984e-01   3.0060838e+00
   3.2788143e-01   0.0000000e+00   3.7314001e-01   2.6065685e+00
   3.2788143e-01   0.0000000e+00   6.3639479e-01   2.1514382e+00
   3.2788143e-01   0.0000000e+00   2.4981725e-01   1.6740628e+00
   3.2788143e-01   0.0000000e+00   7.5790928e-01  -4.0124762e-01
   3.2788143e-01   0.0000000e+00   1.4221824e-01  -2.2545246e-01
   3.2788143e-01   0.0000000e+00   8.6112570e-01   1.2107818e+00
   3.2788143e-01   0.0000000e+00   6.3248810e-02   3.9424575e-02
   3.2788143e-01   0.0000000e+00   9.3947482e-01   7.7082562e-01
   3.2788143e-01   0.0000000e+00   9.8632411e-01   3.7471763e-01
   2.2053595e-01   0.0000000e+00   5.0483984e-01   2.6065685e+00
   2.2053595e-01   0.0000000e+00   3.7314001e-01   2.1514382e+00
   2.2053595e-01   0.0000000e+00   6.3639479e-01   1.6740628e+00
   2.2053595e-01   0.0000000e+00   2.4981725e-01  -4.0124762e-01
   2.2053595e-01   0.0000000e+00   7.5790928e-01  -2.2545246e-01
   2.2053595e-01   0.0000000e+00   1.4221824e-01   1.2107818e+00
   2.2053595e-01   0.0000000e+00   8.6112570e-01   3.9424575e-02
   2.2053595e-01   0.0000000e+00   6.3248810e-02   7.7082562e-01
   2.2053595e-01   0.0000000e+00   9.3947482e-01   3.7471763e-01
   1.2561071e-01   0.0000000e+00   5.0483984e-01   2.1514382e+00
   1.2561071e-01   0.0000000e+00   3.7314001e-01   1.6740628e+00
   1.2561071e-01   0.0000000e+00   6.3639479e-01  -4.0124762e-01
   1.2561071e-01   0.0000000e+00   2.4981725e-01  -2.2545246e-01
   1.2561071e-01   0.0000000e+00   7.5790928e-01   1.2107818e+00
   1.2561071e-01   0.0000000e+00   1.4221824e-01   3.9424575e-02
   1.2561071e-01   0.0000000e+00   8.6112570e-01   7.7082562e-01
   1.2561071e-01   0.0000000e+00   6.3248810e-02   3.7471763e-01
   5.4535365e-02   0.0000000e+00   5.0483984e-01   1.6740628e+00
   5.4535365e-02   0.0000000e+00   3.7314001e-01  -4.0124762e-01
   5.4535365e-02   0.0000000e+00   6.3639479e-01  -2.2545246e-01
   5.4535365e-02   0.0000000e+00   2.4981725e-01   1.2107818e+00
   5.4535365e-02   0.0000000e+00   7.5790928e-01   3.9424575e-02
   5.4535365e-02   0.0000000e+00   1.4221824e-01   7.7082562e-01
   5.4535365e-02   0.0000000e+00   8.6112570e-01   3.7471763e-01
   6.9006404e-01   0.0000000e+00   6.3248810e-02   3.3935956e+00
   6.9006404e-01   0.0000000e+00   9.3947482e-01   3.0060838e+00
   6.9006404e-01   0.0000000e+00   9.8632411e-01   2.6065685e+00
   6.9006404e-01   0.0000000e+00   1.4567889e-02   2.1514382e+00
   5.7209403e-01   0.0000000e+00   8.6112570e-01   3.3935956e+00
   5.7209403e-01   0.0000000e+00   6.3248810e-02   3.0060838e+00
   5.7209403e-01   0.0000000e+00   9.3947482e-01   2.6065685e+00
   5.7209403e-01   0.0000000e+00   9.8632411e-01   2.1514382e+00
   5.7209403e-01   0.0000000e+00   1.4567889e-02   1.6740628e+00
   7.9627962e-01   0.0000000e+00   1.4221824e-01   3.3935956e+00
   7.9627962e-01   0.0000000e+00   8.6112570e-01   3.0060838e+00
   7.9627962e-01   0.0000000e+00   6.3248810e-02   2.6065685e+00
   7.9627962e-01   0.0000000e+00   9.3947482e-01   2.1514382e+00
   7.9627962e-01   0.0000000e+00   9.8632411e-01   1.6740628e+00
   7.9627962e-01   0.0000000e+00   1.4567889e-02  -4.0124762e-01
   8.8366883e-01   0.0000000e+00   7.5790928e-01   3.3935956e+00
   8.8366883e-01   0.0000000e+00   1.4221824e-01   3.0060838e+00
   8.8366883e-01   0.0000000e+00   8.6112570e-01   2.6065685e+00
   8.8366883e-01   0.0000000e+00   6.3248810e-02   2.1514382e+00
   8.8366883e-01   0.0000000e+00   9.3947482e-01   1.6740628e+00
   8.8366883e-01   0.0000000e+00   9.8632411e-01  -4.0124762e-01
   8.8366883e-01   0.0000000e+00   1.4567889e-02  -2.2545246e-01
   4.4925790e-01   0.0000000e+00   2.4981725e-01   3.3935956e+00
   4.4925790e-01   0.0000000e+00   7.5790928e-01   3.0060838e+00
   4.4925790e-01   0.0000000e+00   1.4221824e-01   2.6065685e+00
   4.4925790e-01   0.0000000e+00   8.6112570e-01   2.1514382e+00
   4.4925790e-01   0.0000000e+00   6.3248810e-02   1.6740628e+00
   4.4925790e-01   0.0000000e+00   9.3947482e-01  -4.0124762e-01
   4.4925790e-01   0.0000000e+00   9.8632411e-01  -2.2545246e-01
   4.4925790e-01   0.0000000e+00   1.4567889e-02   1.2107818e+00
   9.4859609e-01   0.0000000e+00   6.3639479e-01   3.3935956e+00
   9.4859609e-01   0.0000000e+00   2.4981725e-01   3.0060838e+00
   9.4859609e-01   0.0000000e+00   7.5790928e-01   2.6065685e+00
   9.4859609e-01   0.0000000e+00   1.4221824e-01   2.1514382e+00
   9.4859609e-01   0.0000000e+00   8.6112570e-01   1.6740628e+00
   9.4859609e-01   0.0000000e+00   6.3248810e-02  -4.0124762e-01
   9.4859609e-01   0.0000000e+00   9.3947482e-01  -2.2545246e-01
   9.4859609e-01   0.0000000e+00   9.8632411e-01   1.2107818e+00
   9.4859609e-01   0.0000000e+00   1.4567889e-02   3.9424575e-02
   9.8559802e-01   0.0000000e+00   3.7314001e-01   3.3935956e+00
   9.8559802e-01   0.0000000e+00   6.3639479e-01   3.0060838e+00
   9.8559802e-01   0.0000000e+00   2.4981725e-01   2.6065685e+00
   9.8559802e-01   0.0000000e+00   7.5790928e-01   2.1514382e+00
   9.8559802e-01   0.0000000e+00   1.4221824e-01   1.6740628e+00
   9.8559802e-01   0.0000000e+00   8.6112570e-01  -4.0124762e-01
   9.8559802e-01   0.0000000e+00   6.3248810e-02  -2.2545246e-01
   9.8559802e-01   0.0000000e+00   9.3947482e-01   1.2107818e+00
   9.8559802e-01   0.0000000e+00   9.8632411e-01   3.9424575e-02
   9.8559802e-01   0.0000000e+00   1.4567889e-02   7.7082562e-01
   3.2788143e-01   0.0000000e+00   5.0483984e-01   3.3935956e+00
   3.2788143e-01   0.0000000e+00   3.7314001e-01   3.0060838e+00
   3.2788143e-01   0.0000000e+00   6.3639479e-01   2.6065685e+00
   3.2788143e-01   0.0000000e+00   2.4981725e-01   2.1514382e+00
   3.2788143e-01   0.0000000e+00   7.5790928e-01   1.6740628e+00
   3.2788143e-01   0.0000000e+00   1.4221824e-01  -4.0124762e-01
   3.2788143e-01   0.0000000e+00   8.6112570e-01  -2.2545246e-01
   3.2788143e-01   0.0000000e+00   6.3248810e-02   1.2107818e+00
   3.2788143e-01   0.0000000e+00   9.3947482e-01   3.9424575e-02
   3.2788143e-01   0.0000000e+00   9.8632411e-01   7.7082562e-01
   3.2788143e-01   0.0000000e+00   1.4567889e-02   3.7471763e-01
   2.2053595e-01   0.0000000e+00   5.0483984e-01   3.0060838e+00
   2.2053595e-01   0.0000000e+00   3.7314001e-01   2.6065685e+00
   2.2053595e-01   0.0000000e+00   6.3639479e-01   2.1514382e+00
   2.2053595e-01   0.0000000e+00   2.4981725e-01   1.6740628e+00
   2.2053595e-01   0.0000000e+00   7.5790928e-01  -4.0124762e-01
   2.2053595e-01   0.0000000e+00   1.4221824e-01  -2.2545246e-01
   2.2053595e-01   0.0000000e+00   8.6112570e-01   1.2107818e+00
   2.2053595e-01   0.0000000e+00   6.3248810e-02   3.9424575e-02
   2.2053595e-01   0.0000000e+00   9.3947482e-01   7.7082562e-01
   2.2053595e-01   0.0000000e+00   9.8632411e-01   3.7471763e-01
   1.2561071e-01   0.0000000e+00   5.0483984e-01   2.6065685e+00
   1.2561071e-01   0.0000000e+00   3.7314001e-01   2.1514382e+00
   1.2561071e-01   0.0000000e+00   6.3639479e-01   1.6740628e+00
   1.2561071e-01   0.0000000e+00   2.4981725e-01  -4.0124762e-01
   1.2561071e-01   0.0000000e+00   7.5790928e-01  -2.2545246e-01
   1.2561071e-01   0.0000000e+00   1.4221824e-01   1.2107818e+00
   1.2561071e-01   0.0000000e+00   8.6112570e-01   3.9424575e-02
   1.2561071e-01   0.0000000e+00   6.3248810e-02   7.7082562e-01
   1.2561071e-01   0.0000000e+00   9.3947482e-01   3.7471763e-01
   5.4535365e-02   0.0000000e+00   5.0483984e-01   2.1514382e+00
   5.4535365e-02   0.0000000e+00   3.7314001e-01   1.6740628e+00
   5.4535365e-02   0.0000000e+00   6.3639479e-01  -4.0124762e-01
   5.4535365e-02   0.0000000e+00   2.4981725e-01  -2.2545246e-01
   5.4535365e-02   0.0000000e+00   7.5790928e-01   1.2107818e+00
   5.4535365e-02   0.0000000e+00   1.4221824e-01   3.9424575e-02
   5.4535365e-02   0.0000000e+00   8.6112570e-01   7.7082562e-01
   5.4535365e-02   0.0000000e+00   6.3248810e-02   3.7471763e-01
   6.9006404e-01   0.0000000e+00   9.3947482e-01   3.3935956e+00
   6.9006404e-01   0.0000000e+00   9.8632411e-01   3.0060838e+00
   6.9006404e-01   0.0000000e+00   1.4567889e-02   2.6065685e+00
   5.7209403e-01   0.0000000e+00   6.3248810e-02   3.3935956e+00
   5.7209403e-01   0.0000000e+00   9.3947482e-01   3.0060838e+00
   5.7209403e-01   0.0000000e+00   9.8632411e-01   2.6065685e+00
   5.7209403e-01   0.0000000e+00   1.4567889e-02   2.1514382e+00
   7.9627962e-01   0.0000000e+00   8.6112570e-01   3.3935956e+00
   7.9627962e-01   0.0000000e+00   6.3248810e-02   3.0060838e+00
   7.9627962e-01   0.0000000e+00   9.3947482e-01   2.6065685e+00
   7.9627962e-01   0.0000000e+00   9.8632411e-01   2.1514382e+00
   7.9627962e-01   0.0000000e+00   1.4567889e-02   1.6740628e+00
   8.8366883e-01   0.0000000e+00   1.4221824e-01   3.3935956e+00
   8.8366883e-01   0.0000000e+00   8.6112570e-01   3.0060838e+00
   8.8366883e-01   0.0000000e+00   6.3248810e-02   2.6065685e+00
   8.8366883e-01   0.0000000e+00   9.3947482e-01   2.1514382e+00
   8.8366883e-01   0.0000000e+00   9.8632411e-01   1.6740628e+00
   8.8366883e-01   0.0000000e+00   1.4567889e-02  -4.0124762e-01
   4.4925790e-01   0.0000000e+00   7.5790928e-01   3.3935956e+00
   4.4925790e-01   0.0000000e+00   1.4221824e-01   3.0060838e+00
   4.4925790e-01   0.0000000e+00   8.6112570e-01   2.6065685e+00
   4.4925790e-01   0.0000000e+00   6.3248810e-02   2.1514382e+00
   4.4925790e-01   0.0000000e+00   9.3947482e-01   1.6740628e+00
   4.4925790e-01   0.0000000e+00   9.8632411e-01  -4.0124762e-01
   4.4925790e-01   0.0000000e+00   1.4567889e-02  -2.2545246e-01
   9.4859609e-01   0.0000000e+00   2.4981725e-01   3.3935956e+00
   9.4859609e-01   0.0000000e+00   7.5790928e-01   3.0060838e+00
   9.4859609e-01   0.0000000e+00   1.4221824e-01   2.6065685e+00
   9.4859609e-01   0.0000000e+00   8.6112570e-01   2.1514382e+00
   9.4859609e-01   0.0000000e+00   6.3248810e-02   1.6740628e+00
   9.4859609e-01   0.0000000e+00   9.3947482e-01  -4.0124762e-01
   9.4859609e-01   0.0000000e+00   9.8632411e-01  -2.2545246e-01
   9.4859609e-01   0.0000000e+00   1.4567889e-02   1.2107818e+00
   9.8559802e-01   0.0000000e+00   6.3639479e-01   3.3935956e+00
   9.8559802e-01   0.0000000e+00   2.4981725e-01   3.0060838e+00
   9.8559802e-01   0.0000000e+00   7.5790928e-01   2.6065685e+00
   9.8559802e-01   0.0000000e+00   1.4221824e-01   2.1514382e+00
   9.8559802e-01   0.0000000e+00   8.6112570e-01   1.6740628e+00
   9.8559802e-01   0.0000000e+00   6.3248810e-02  -4.0124762e-01
   9.8559802e-01   0.0000000e+00   9.3947482e-01  -2.2545246e-01
   9.8559802e-01   0.0000000e+00   9.8632411e-01   1.2107818e+00
   9.8559802e-01   0.0000000e+00   1.4567889e-02   3.9424575e-02
   3.2788143e-01   0.0000000e+00   3.7314001e-01   3.3935956e+00
   3.2788143e-01   0.0000000e+00   6.3639479e-01   3.0060838e+00
   3.2788143e-01   0.0000000e+00   2.4981725e-01   2.6065685e+00
   3.2788143e-01   0.0000000e+00   7.5790928e-01   2.1514382e+00
   3.2788143e-01   0.0000000e+00   1.4221824e-01   1.6740628e+00
   3.2788143e-01   0.0000000e+00   8.6112570e-01  -4.0124762e-01
   3.2788143e-01   0.0000000e+00   6.3248810e-02  -2.2545246e-01
   3.2788143e-01   0.0000000e+00   9.3947482e-01   1.2107818e+00
   3.2788143e-01   0.0000000e+00   9.8632411e-01   3.9424575e-02
   3.2788143e-01   0.0000000e+00   1.4567889e-02   7.7082562e-01
   2.2053595e-01   0.0000000e+00   5.0483984e-01   3.3935956e+00
   2.2053595e-01   0.0000000e+00   3.7314001e-01   3.0060838e+00
   2.2053595e-01   0.0000000e+00   6.3639479e-01   2.6065685e+00
   2.2053595e-01   0.0000000e+00   2.4981725e-01   2.1514382e+00
   2.2053595e-01   0.0000000e+00   7.5790928e-01   1.6740628e+00
   2.2053595e-01   0.0000000e+00   1.4221824e-01  -4.0124762e-01
   2.2053595e-01   0.0000000e+00   8.6112570e-01  -2.2545246e-01
   2.2053595e-01   0.0000000e+00   6.3248810e-02   1.2107818e+00
   2.2053595e-01   0.0000000e+00   9.3947482e-01   3.9424575e-02
   2.2053595e-01   0.0000000e+00   9.8632411e-01   7.7082562e-01
   2.2053595e-01   0.0000000e+00   1.4567889e-02   3.7471763e-01
   1.2561071e-01   0.0000000e+00   5.0483984e-01   3.0060838e+00
   1.2561071e-01   0.0000000e+00   3.7314001e-01   2.6065685e+00
   1.2561071e-01   0.0000000e+00   6.3639479e-01   2.1514382e+00
   1.2561071e-01   0.0000000e+00   2.4981725e-01   1.6740628e+00
   1.2561071e-01   0.0000000e+00   7.5790928e-01  -4.0124762e-01
   1.2561071e-01   0.0000000e+00   1.4221824e-01  -2.2545246e-01
   1.2561071e-01   0.0000000e+00   8.6112570e-01   1.2107818e+00
   1.2561071e-01   0.0000000e+00   6.3248810e-02   3.9424575e-02
   1.2561071e-01   0.0000000e+00   9.3947482e-01   7.7082562e-01
   1.2561071e-01   0.0000000e+00   9.8632411e-01   3.7471763e-01
   5.4535365e-02   0.0000000e+00   5.0483984e-01   2.6065685e+00
   5.4535365e-02   0.0000000e+00   3.7314001e-01   2.1514382e+00
   5.4535365e-02   0.0000000e+00   6.3639479e-01   1.6740628e+00
   5.4535365e-02   0.0000000e+00   2.4981725e-01  -4.0124762e-01
   5.4535365e-02   0.0000000e+00   7.5790928e-01  -2.2545246e-01
   5.4535365e-02   0.0000000e+00   1.4221824e-01   1.2107818e+00
   5.4535365e-02   0.0000000e+00   8.6112570e-01   3.9424575e-02
   5.4535365e-02   0.0000000e+00   6.3248810e-02   7.7082562e-01
   5.4535365e-02   0.0000000e+00   9.3947482e-01   3.7471763e-01
   6.9006404e-01   0.0000000e+00   9.8632411e-01   3.3935956e+00
   6.9006404e-01   0.0000000e+00   1.4567889e-02   3.0060838e+00
   5.7209403e-01   0.0000000e+00   9.3947482e-01   3.3935956e+00
   5.7209403e-01   0.0000000e+00   9.8632411e-01   3.0060838e+00
   5.7209403e-01   0.0000000e+00   1.4567889e-02   2.6065685e+00
   7.9627962e-01   0.0000000e+00   6.3248810e-02   3.3935956e+00
   7.9627962e-01   0.0000000e+00   9.3947482e-01   3.0060838e+00
   7.9627962e-01   0.0000000e+00   9.8632411e-01   2.6065685e+00
   7.9627962e-01   0.0000000e+00   1.4567889e-02   2.1514382e+00
   8.8366883e-01   0.0000000e+00   8.6112570e-01   3.3935956e+00
   8.8366883e-01   0.0000000e+00   6.3248810e-02   3.0060838e+00
   8.8366883e-01   0.0000000e+00   9.3947482e-01   2.6065685e+00
   8.8366883e-01   0.0000000e+00   9.8632411e-01   2.1514382e+00
   8.8366883e-01   0.0000000e+00   1.4567889e-02   1.6740628e+00
   4.4925790e-01   0.0000000e+00   1.4221824e-01   3.3935956e+00
   4.4925790e-01   0.0000000e+00   8.6112570e-01   3.0060838e+00
   4.4925790e-01   0.0000000e+00   6.3248810e-02   2.6065685e+00
   4.4925790e-01   0.0000000e+00   9.3947482e-01   2.1514382e+00
   4.4925790e-01   0.0000000e+00   9.8632411e-01   1.6740628e+00
   4.4925790e-01   0.0000000e+00   1.4567889e-02  -4.0124762e-01
   9.4859609e-01   0.0000000e+00   7.5790928e-01   3.3935956e+00
   9.4859609e-01   0.0000000e+00   1.4221824e-01   3.0060838e+00
   9.4859609e-01   0.0000000e+00   8.6112570e-01   2.6065685e+00
   9.4859609e-01   0.0000000e+00   6.3248810e-02   2.1514382e+00
   9.4859609e-01   0.0000000e+00   9.3947482e-01   1.6740628e+00
   9.4859609e-01   0.0000000e+00   9.8632411e-01  -4.0124762e-01
   9.4859609e-01   0.0000000e+00   1.4567889e-02  -2.2545246e-01
   9.8559802e-01   0.0000000e+00   2.4981725e-01   3.3935956e+00
   9.8559802e-01   0.0000000e+00   7.5790928e-01   3.0060838e+00
   9.8559802e-01   0.0000000e+00   1.4221824e-01   2.6065685e+00
   9.8559802e-01   0.0000000e+00   8.6112570e-01   2.1514382e+00
   9.8559802e-01   0.0000000e+00   6.3248810e-02   1.6740628e+00
   9.8559802e-01   0.0000000e+00   9.3947482e-01  -4.0124762e-01
   9.8559802e-01   0.0000000e+00   9.8632411e-01  -2.2545246e-01
   9.8559802e-01   0.0000000e+00   1.4567889e-02   1.2107818e+00
   3.2788143e-01   0.0000000e+00   6.3639479e-01   3.3935956e+00
   3.2788143e-01   0.0000000e+00   2.4981725e-01   3.0060838e+00
   3.2788143e-01   0.0000000e+00   7.5790928e-01   2.6065685e+00
   3.2788143e-01   0.0000000e+00   1.4221824e-01   2.1514382e+00
   3.2788143e-01   0.0000000e+00   8.6112570e-01   1.6740628e+00
   3.2788143e-01   0.0000000e+00   6.3248810e-02  -4.0124762e-01
   3.2788143e-01   0.0000000e+00   9.3947482e-01  -2.2545246e-01
   3.2788143e-01   0.0000000e+00   9.8632411e-01   1.2107818e+00
   3.2788143e-01   0.0000000e+00   1.4567889e-02   3.9424575e-02
   2.2053595e-01   0.0000000e+00   3.7314001e-01   3.3935956e+00
   2.2053595e-01   0.0000000e+00   6.3639479e-01   3.0060838e+00
   2.2053595e-01   0.0000000e+00   2.4981725e-01   2.6065685e+00
   2.2053595e-01   0.0000000e+00   7.5790928e-01   2.1514382e+00
   2.2053595e-01   0.0000000e+00   1.4221824e-01   1.6740628e+00
   2.2053595e-01   0.0000000e+00   8.6112570e-01  -4.0124762e-01
   2.2053595e-01   0.0000000e+00   6.3248810e-02  -2.2545246e-01
   2.2053595e-01   0.0000000e+00   9.3947482e-01   1.2107818e+00
   2.2053595e-01   0.0000000e+00   9.8632411e-01   3.9424575e-02
   2.2053595e-01   0.0000000e+00   1.4567889e-02   7.7082562e-01
   1.2561071e-01   0.0000000e+00   5.0483984e-01   3.3935956e+00
   1.2561071e-01   0.0000000e+00   3.7314001e-01   3.0060838e+00
   1.2561071e-01   0.0000000e+00   6.3639479e-01   2.6065685e+00
   1.2561071e-01   0.0000000e+00   2.4981725e-01   2.1514382e+00
   1.2561071e-01   0.0000000e+00   7.5790928e-01   1.6740628e+00
   1.2561071e-01   0.0000000e+00   1.4221824e-01  -4.0124762e-01
   1.2561071e-01   0.0000000e+00   8.6112570e-01  -2.2545246e-01
   1.2561071e-01   0.0000000e+00   6.3248810e-02   1.2107818e+00
   1.2561071e-01   0.0000000e+00   9.3947482e-01   3.9424575e-02
   1.2561071e-01   0.0000000e+00   9.8632411e-01   7.7082562e-01
   1.2561071e-01   0.0000000e+00   1.4567889e-02   3.7471763e-01
   5.4535365e-02   0.0000000e+00   5.0483984e-01   3.0060838e+00
   5.4535365e-02   0.0000000e+00   3.7314001e-01   2.6065685e+00
   5.4535365e-02   0.0000000e+00   6.3639479e-01   2.1514382e+00
   5.4535365e-02   0.0000000e+00   2.4981725e-01   1.6740628e+00
   5.4535365e-02   0.0000000e+00   7.5790928e-01  -4.0124762e-01
   5.4535365e-02   0.0000000e+00   1.4221824e-01  -2.2545246e-01
   5.4535365e-02   0.0000000e+00   8.6112570e-01   1.2107818e+00
   5.4535365e-02   0.0000000e+00   6.3248810e-02   3.9424575e-02
   5.4535365e-02   0.0000000e+00   9.3947482e-01   7.7082562e-01
   5.4535365e-02   0.0000000e+00   9.8632411e-01   3.7471763e-01
   6.9006404e-01   0.0000000e+00   1.4567889e-02   3.3935956e+00
   5.7209403e-01   0.0000000e+00   9.8632411e-01   3.3935956e+00
   5.7209403e-01   0.0000000e+00   1.4567889e-02   3.0060838e+00
   7.9627962e-01   0.0000000e+00   9.3947482e-01   3.3935956e+00
   7.9627962e-01   0.0000000e+00   9.8632411e-01   3.0060838e+00
   7.9627962e-01   0.0000000e+00   1.4567889e-02   2.6065685e+00
   8.8366883e-01   0.0000000e+00   6.3248810e-02   3.3935956e+00
   8.8366883e-01   0.0000000e+00   9.3947482e-01   3.0060838e+00
   8.8366883e-01   0.0000000e+00   9.8632411e-01   2.6065685e+00
   8.8366883e-01   0.0000000e+00   1.4567889e-02   2.1514382e+00
   4.4925790e-01   0.0000000e+00   8.6112570e-01   3.3935956e+00
   4.4925790e-01   0.0000000e+00   6.3248810e-02   3.0060838e+00
   4.4925790e-01   0.0000000e+00   9.3947482e-01   2.6065685e+00
   4.4925790e-01   0.0000000e+00   9.8632411e-01   2.1514382e+00
   4.4925790e-01   0.0000000e+00   1.4567889e-02   1.6740628e+00
   9.4859609e-01   0.0000000e+00   1.4221824e-01   3.3935956e+00
   9.4859609e-01   0.0000000e+00   8.6112570e-01   3.0060838e+00
   9.4859609e-01   0.0000000e+00   6.3248810e-02   2.6065685e+00
   9.4859609e-01   0.0000000e+00   9.3947482e-01   2.1514382e+00
   9.4859609e-01   0.0000000e+00   9.8632411e-01   1.6740628e+00
   9.4859609e-01   0.0000000e+00   1.4567889e-02  -4.0124762e-01
   9.8559802e-01   0.0000000e+00   7.5790928e-01   3.3935956e+00
   9.8559802e-01   0.0000000e+00   1.4221824e-01   3.0060838e+00
   9.8559802e-01   0.0000000e+00   8.6112570e-01   2.6065685e+00
   9.8559802e-01   0.0000000e+00   6.3248810e-02   2.1514382e+00
   9.8559802e-01   0.0000000e+00   9.3947482e-01   1.6740628e+00
   9.8559802e-01   0.0000000e+00   9.8632411e-01  -4.0124762e-01
   9.8559802e-01   0.0000000e+00   1.4567889e-02  -2.2545246e-01
   3.2788143e-01   0.0000000e+00   2.4981725e-01   3.3935956e+00
   3.2788143e-01   0.0000000e+00   7.5790928e-01   3.0060838e+00
   3.2788143e-01   0.0000000e+00   1.4221824e-01   2.6065685e+00
   3.2788143e-01   0.0000000e+00   8.6112570e-01   2.1514382e+00
   3.2788143e-01   0.0000000e+00   6.3248810e-02   1.6740628e+00
   3.2788143e-01   0.0000000e+00   9.3947482e-01  -4.0124762e-01
   3.2788143e-01   0.0000000e+00   9.8632411e-01  -2.2545246e-01
   3.2788143e-01   0.0000000e+00   1.4567889e-02   1.2107818e+00
   2.2053595e-01   0.0000000e+00   6.3639479e-01   3.3935956e+00
   2.2053595e-01   0.0000000e+00   2.4981725e-01   3.0060838e+00
   2.2053595e-01   0.0000000e+00   7.5790928e-01   2.6065685e+00
   2.2053595e-01   0.0000000e+00   1.4221824e-01   2.1514382e+00
   2.2053595e-01   0.0000000e+00   8.6112570e-01   1.6740628e+00
   2.2053595e-01   0.0000000e+00   6.3248810e-02  -4.0124762e-01
   2.2053595e-01   0.0000000e+00   9.3947482e-01  -2.2545246e-01
   2.2053595e-01   0.0000000e+00   9.8632411e-01   1.2107818e+00
   2.2053595e-01   0.0000000e+00   1.4567889e-02   3.9424575e-02
   1.2561071e-01   0.0000000e+00   3.7314001e-01   3.3935956e+00
   1.2561071e-01   0.0000000e+00   6.3639479e-01   3.0060838e+00
   1.2561071e-01   0.0000000e+00   2.4981725e-01   2.6065685e+00
   1.2561071e-01   0.0000000e+00   7.5790928e-01   2.1514382e+00
   1.2561071e-01   0.0000000e+00   1.4221824e-01   1.6740628e+00
   1.2561071e-01   0.0000000e+00   8.6112570e-01  -4.0124762e-01
   1.2561071e-01   0.0000000e+00   6.3248810e-02  -2.2545246e-01
   1.2561071e-01   0.0000000e+00   9.3947482e-01   1.2107818e+00
   1.2561071e-01   0.0000000e+00   9.8632411e-01   3.9424575e-02
   1.2561071e-01   0.0000000e+00   1.4567889e-02   7.7082562e-01
   5.4535365e-02   0.0000000e+00   5.0483984e-01   3.3935956e+00
   5.4535365e-02   0.0000000e+00   3.7314001e-01   3.0060838e+00
   5.4535365e-02   0.0000000e+00   6.3639479e-01   2.6065685e+00
   5.4535365e-02   0.0000000e+00   2.4981725e-01   2.1514382e+00
   5.4535365e-02   0.0000000e+00   7.5790928e-01   1.6740628e+00
   5.4535365e-02   0.0000000e+00   1.4221824e-01  -4.0124762e-01
   5.4535365e-02   0.0000000e+00   8.6112570e-01  -2.2545246e-01
   5.4535365e-02   0.0000000e+00   6.3248810e-02   1.2107818e+00
   5.4535365e-02   0.0000000e+00   9.3947482e-01   3.9424575e-02
   5.4535365e-02   0.0000000e+00   9.8632411e-01   7.7082562e-01
   5.4535365e-02   0.0000000e+00   1.4567889e-02   3.7471763e-01
   5.7209403e-01   0.0000000e+00   1.4567889e-02   3.3935956e+00
   7.9627962e-01   0.0000000e+00   9.8632411e-01   3.3935956e+00
   7.9627962e-01   0.0000000e+00   1.4567889e-02   3.0060838e+00
   8.8366883e-01   0.0000000e+00   9.3947482e-01   3.3935956e+00
   8.8366883e-01   0.0000000e+00   9.8632411e-01   3.0060838e+00
   8.8366883e-01   0.0000000e+00   1.4567889e-02   2.6065685e+00
   4.4925790e-01   0.0000000e+00   6.3248810e-02   3.3935956e+00
   4.4925790e-01   0.0000000e+00   9.3947482e-01   3.0060838e+00
   4.4925790e-01   0.0000000e+00   9.8632411e-01   2.6065685e+00
   4.4925790e-01   0.0000000e+00   1.4567889e-02   2.1514382e+00
   9.4859609e-01   0.0000000e+00   8.6112570e-01   3.3935956e+00
   9.4859609e-01   0.0000000e+00   6.3248810e-02   3.0060838e+00
   9.4859609e-01   0.0000000e+00   9.3947482e-01   2.6065685e+00
   9.4859609e-01   0.0000000e+00   9.8632411e-01   2.1514382e+00
   9.4859609e-01   0.0000000e+00   1.4567889e-02   1.6740628e+00
   9.8559802e-01   0.0000000e+00   1.4221824e-01   3.3935956e+00
   9.8559802e-01   0.0000000e+00   8.6112570e-01   3.0060838e+00
   9.8559802e-01   0.0000000e+00   6.3248810e-02   2.6065685e+00
   9.8559802e-01   0.0000000e+00   9.3947482e-01   2.1514382e+00
   9.8559802e-01   0.0000000e+00   9.8632411e-01   1.6740628e+00
   9.8559802e-01   0.0000000e+00   1.4567889e-02  -4.0124762e-01
   3.2788143e-01   0.0000000e+00   7.5790928e-01   3.3935956e+00
   3.2788143e-01   0.0000000e+00   1.4221824e-01   3.0060838e+00
   3.2788143e-01   0.0000000e+00   8.6112570e-01   2.6065685e+00
   3.2788143e-01   0.0000000e+00   6.3248810e-02   2.1514382e+00
   3.2788143e-01   0.0000000e+00   9.3947482e-01   1.6740628e+00
   3.2788143e-01   0.0000000e+00   9.8632411e-01  -4.0124762e-01
   3.2788143e-01   0.0000000e+00   1.4567889e-02  -2.2545246e-01
   2.2053595e-01   0.0000000e+00   2.4981725e-01   3.3935956e+00
   2.2053595e-01   0.0000000e+00   7.5790928e-01   3.0060838e+00
   2.2053595e-01   0.0000000e+00   1.4221824e-01   2.6065685e+00
   2.2053595e-01   0.0000000e+00   8.6112570e-01   2.1514382e+00
   2.2053595e-01   0.0000000e+00   6.3248810e-02   1.6740628e+00
   2.2053595e-01   0.0000000e+00   9.3947482e-01  -4.0124762e-01
   2.2053595e-01   0.0000000e+00   9.8632411e-01  -2.2545246e-01
   2.2053595e-01   0.0000000e+00   1.4567889e-02   1.2107818e+00
   1.2561071e-01   0.0000000e+00   6.3639479e-01   3.3935956e+00
   1.2561071e-01   0.0000000e+00   2.4981725e-01   3.0060838e+00
   1.2561071e-01   0.0000000e+00   7.5790928e-01   2.6065685e+00
   1.2561071e-01   0.0000000e+00   1.4221824e-01   2.1514382e+00
   1.2561071e-01   0.0000000e+00   8.6112570e-01   1.6740628e+00
   1.2561071e-01   0.0000000e+00   6.3248810e-02  -4.0124762e-01
   1.2561071e-01   0.0000000e+00   9.3947482e-01  -2.2545246e-01
   1.2561071e-01   0.0000000e+00   9.8632411e-01   1.2107818e+00
   1.2561071e-01   0.0000000e+00   1.4567889e-02   3.9424575e-02
   5.4535365e-02   0.0000000e+00   3.7314001e-01   3.3935956e+00
   5.4535365e-02   0.0000000e+00   6.3639479e-01   3.0060838e+00
   5.4535365e-02   0.0000000e+00   2.4981725e-01   2.6065685e+00
   5.4535365e-02   0.0000000e+00   7.5790928e-01   2.1514382e+00
   5.4535365e-02   0.0000000e+00   1.4221824e-01   1.6740628e+00
   5.4535365e-02   0.0000000e+00   8.6112570e-01  -4.0124762e-01
   5.4535365e-02   0.0000000e+00   6.3248810e-02  -2.2545246e-01
   5.4535365e-02   0.0000000e+00   9.3947482e-01   1.2107818e+00
   5.4535365e-02   0.0000000e+00   9.8632411e-01   3.9424575e-02
   5.4535365e-02   0.0000000e+00   1.4567889e-02   7.7082562e-01
   7.9627962e-01   0.0000000e+00   1.4567889e-02   3.3935956e+00
   8.8366883e-01   0.0000000e+00   9.8632411e-01   3.3935956e+00
   8.8366883e-01   0.0000000e+00   1.4567889e-02   3.0060838e+00
   4.4925790e-01   0.0000000e+00   9.3947482e-01   3.3935956e+00
   4.4925790e-01   0.0000000e+00   9.8632411e-01   3.0060838e+00
   4.4925790e-01   0.0000000e+00   1.4567889e-02   2.6065685e+00
   9.4859609e-01   0.0000000e+00   6.3248810e-02   3.3935956e+00
   9.4859609e-01   0.0000000e+00   9.3947482e-01   3.0060838e+00
   9.4859609e-01   0.0000000e+00   9.8632411e-01   2.6065685e+00
   9.4859609e-01   0.0000000e+00   1.4567889e-02   2.1514382e+00
   9.8559802e-01   0.0000000e+00   8.6112570e-01   3.3935956e+00
   9.8559802e-01   0.0000000e+00   6.3248810e-02   3.0060838e+00
   9.8559802e-01   0.0000000e+00   9.3947482e-01   2.6065685e+00
   9.8559802e-01   0.0000000e+00   9.8632411e-01   2.1514382e+00
   9.8559802e-01   0.0000000e+00   1.4567889e-02   1.6740628e+00
   3.2788143e-01   0.0000000e+00   1.4221824e-01   3.3935956e+00
   3.2788143e-01   0.0000000e+00   8.6112570e-01   3.0060838e+00
   3.2788143e-01   0.0000000e+00   6.3248810e-02   2.6065685e+00
   3.2788143e-01   0.0000000e+00   9.3947482e-01   2.1514382e+00
   3.2788143e-01   0.0000000e+00   9.8632411e-01   1.6740628e+00
   3.2788143e-01   0.0000000e+00   1.4567889e-02  -4.0124762e-01
   2.2053595e-01   0.0000000e+00   7.5790928e-01   3.3935956e+00
   2.2053595e-01   0.0000000e+00   1.4221824e-01   3.0060838e+00
   2.2053595e-01   0.0000000e+00   8.6112570e-01   2.6065685e+00
   2.2053595e-01   0.0000000e+00   6.3248810e-02   2.1514382e+00
   2.2053595e-01   0.0000000e+00   9.3947482e-01   1.6740628e+00
   2.2053595e-01   0.0000000e+00   9.8632411e-01  -4.0124762e-01
   2.2053595e-01   0.0000000e+00   1.4567889e-02  -2.2545246e-01
   1.2561071e-01   0.0000000e+00   2.4981725e-01   3.3935956e+00
   1.2561071e-01   0.0000000e+00   7.5790928e-01   3.0060838e+00
   1.2561071e-01   0.0000000e+00   1.4221824e-01   2.6065685e+00
   1.2561071e-01   0.0000000e+00   8.6112570e-01   2.1514382e+00
   1.2561071e-01   0.0000000e+00   6.3248810e-02   1.6740628e+00
   1.2561071e-01   0.0000000e+00   9.3947482e-01  -4.0124762e-01
   1.2561071e-01   0.0000000e+00   9.8632411e-01  -2.2545246e-01
   1.2561071e-01   0.0000000e+00   1.4567889e-02   1.2107818e+00
   5.4535365e-02   0.0000000e+00   6.3639479e-01   3.3935956e+00
   5.4535365e-02   0.0000000e+00   2.4981725e-01   3.0060838e+00
   5.4535365e-02   0.0000000e+00   7.5790928e-01   2.6065685e+00
   5.4535365e-02   0.0000000e+00   1.4221824e-01   2.1514382e+00
   5.4535365e-02   0.0000000e+00   8.6112570e-01   1.6740628e+00
   5.4535365e-02   0.0000000e+00   6.3248810e-02  -4.0124762e-01
   5.4535365e-02   0.0000000e+00   9.3947482e-01  -2.2545246e-01
   5.4535365e-02   0.0000000e+00   9.8632411e-01   1.2107818e+00
   5.4535365e-02   0.0000000e+00   1.4567889e-02   3.9424575e-02
   8.8366883e-01   0.0000000e+00   1.4567889e-02   3.3935956e+00
   4.4925790e-01   0.0000000e+00   9.8632411e-01   3.3935956e+00
   4.4925790e-01   0.0000000e+00   1.4567889e-02   3.0060838e+00
   9.4859609e-01   0.0000000e+00   9.3947482e-01   3.3935956e+00
   9.4859609e-01   0.0000000e+00   9.8632411e-01   3.0060838e+00
   9.4859609e-01   0.0000000e+00   1.4567889e-02   2.6065685e+00
   9.8559802e-01   0.0000000e+00   6.3248810e-02   3.3935956e+00
   9.8559802e-01   0.0000000e+00   9.3947482e-01   3.0060838e+00
   9.8559802e-01   0.0000000e+00   9.8632411e-01   2.6065685e+00
   9.8559802e-01   0.0000000e+00   1.4567889e-02   2.1514382e+00
   3.2788143e-01   0.0000000e+00   8.6112570e-01   3.3935956e+00
   3.2788143e-01   0.0000000e+00   6.3248810e-02   3.0060838e+00
   3.2788143e-01   0.0000000e+00   9.3947482e-01   2.6065685e+00
   3.2788143e-01   0.0000000e+00   9.8632411e-01   2.1514382e+00
   3.2788143e-01   0.0000000e+00   1.4567889e-02   1.6740628e+00
   2.2053595e-01   0.0000000e+00   1.4221824e-01   3.3935956e+00
   2.2053595e-01   0.0000000e+00   8.6112570e-01   3.0060838e+00
   2.2053595e-01   0.0000000e+00   6.3248810e-02   2.6065685e+00
   2.2053595e-01   0.0000000e+00   9.3947482e-01   2.1514382e+00
   2.2053595e-01   0.0000000e+00   9.8632411e-01   1.6740628e+00
   2.2053595e-01   0.0000000e+00   1.4567889e-02  -4.0124762e-01
   1.2561071e-01   0.0000000e+00   7.5790928e-01   3.3935956e+00
   1.2561071e-01   0.0000000e+00   1.4221824e-01   3.0060838e+00
   1.2561071e-01   0.0000000e+00   8.6112570e-01   2.6065685e+00
   1.2561071e-01   0.0000000e+00   6.3248810e-02   2.1514382e+00
   1.2561071e-01   0.0000000e+00   9.3947482e-01   1.6740628e+00
   1.2561071e-01   0.0000000e+00   9.8632411e-01  -4.0124762e-01
   1.2561071e-01   0.0000000e+00   1.4567889e-02  -2.2545246e-01
   5.4535365e-02   0.0000000e+00   2.4981725e-01   3.3935956e+00
   5.4535365e-02   0.0000000e+00   7.5790928e-01   3.0060838e+00
   5.4535365e-02   0.0000000e+00   1.4221824e-01   2.6065685e+00
   5.4535365e-02   0.0000000e+00   8.6112570e-01   2.1514382e+00
   5.4535365e-02   0.0000000e+00   6.3248810e-02   1.6740628e+00
   5.4535365e-02   0.0000000e+00   9.3947482e-01  -4.0124762e-01
   5.4535365e-02   0.0000000e+00   9.8632411e-01  -2.2545246e-01
   5.4535365e-02   0.0000000e+00   1.4567889e-02   1.2107818e+00
   4.4925790e-01   0.0000000e+00   1.4567889e-02   3.3935956e+00
   9.4859609e-01   0.0000000e+00   9.8632411e-01   3.3935956e+00
   9.4859609e-01   0.0000000e+00   1.4567889e-02   3.0060838e+00
   9.8559802e-01   0.0000000e+00   9.3947482e-01   3.3935956e+00
   9.8559802e-01   0.0000000e+00   9.8632411e-01   3.0060838e+00
   9.8559802e-01   0.0000000e+00   1.4567889e-02   2.6065685e+00
   3.2788143e-01   0.0000000e+00   6.3248810e-02   3.3935956e+00
   3.2788143e-01   0.0000000e+00   9.3947482e-01   3.0060838e+00
   3.2788143e-01   0.0000000e+00   9.8632411e-01   2.6065685e+00
   3.2788143e-01   0.0000000e+00   1.4567889e-02   2.1514382e+00
   2.2053595e-01   0.0000000e+00   8.6112570e-01   3.3935956e+00
   2.2053595e-01   0.0000000e+00   6.3248810e-02   3.0060838e+00
   2.2053595e-01   0.0000000e+00   9.3947482e-01   2.6065685e+00
   2.2053595e-01   0.0000000e+00   9.8632411e-01   2.1514382e+00
   2.2053595e-01   0.0000000e+00   1.4567889e-02   1.6740628e+00
   1.2561071e-01   0.0000000e+00   1.4221824e-01   3.3935956e+00
   1.2561071e-01   0.0000000e+00   8.6112570e-01   3.0060838e+00
   1.2561071e-01   0.0000000e+00   6.3248810e-02   2.6065685e+00
   1.2561071e-01   0.0000000e+00   9.3947482e-01   2.1514382e+00
   1.2561071e-01   0.0000000e+00   9.8632411e-01   1.6740628e+00
   1.2561071e-01   0.0000000e+00   1.4567889e-02  -4.0124762e-01
   5.4535365e-02   0.0000000e+00   7.5790928e-01   3.3935956e+00
   5.4535365e-02   0.0000000e+00   1.4221824e-01   3.0060838e+00
   5.4535365e-02   0.0000000e+00   8.6112570e-01   2.6065685e+00
   5.4535365e-02   0.0000000e+00   6.3248810e-02   2.1514382e+00
   5.4535365e-02   0.0000000e+00   9.3947482e-01   1.6740628e+00
   5.4535365e-02   0.0000000e+00   9.8632411e-01  -4.0124762e-01
   5.4535365e-02   0.0000000e+00   1.4567889e-02  -2.2545246e-01
   9.4859609e-01   0.0000000e+00   1.4567889e-02   3.3935956e+00
   9.8559802e-01   0.0000000e+00   9.8632411e-01   3.3935956e+00
   9.8559802e-01   0.0000000e+00   1.4567889e-02   3.0060838e+00
   3.2788143e-01   0.0000000e+00   9.3947482e-01   3.3935956e+00
   3.2788143e-01   0.0000000e+00   9.8632411e-01   3.0060838e+00
   3.2788143e-01   0.0000000e+00   1.4567889e-02   2.6065685e+00
   2.2053595e-01   0.0000000e+00   6.3248810e-02   3.3935956e+00
   2.2053595e-01   0.0000000e+00   9.3947482e-01   3.0060838e+00
   2.2053595e-01   0.0000000e+00   9.8632411e-01   2.6065685e+00
   2.2053595e-01   0.0000000e+00   1.4567889e-02   2.1514382e+00
   1.2561071e-01   0.0000000e+00   8.6112570e-01   3.3935956e+00
   1.2561071e-01   0.0000000e+00   6.3248810e-02   3.0060838e+00
   1.2561071e-01   0.0000000e+00   9.3947482e-01   2.6065685e+00
   1.2561071e-01   0.0000000e+00   9.8632411e-01   2.1514382e+00
   1.2561071e-01   0.0000000e+00   1.4567889e-02   1.6740628e+00
   5.4535365e-02   0.0000000e+00   1.4221824e-01   3.3935956e+00
   5.4535365e-02   0.0000000e+00   8.6112570e-01   3.0060838e+00
   5.4535365e-02   0.0000000e+00   6.3248810e-02   2.6065685e+00
   5.4535365e-02   0.0000000e+00   9.3947482e-01   2.1514382e+00
   5.4535365e-02   0.0000000e+00   9.8632411e-01   1.6740628e+00
   5.4535365e-02   0.0000000e+00   1.4567889e-02  -4.0124762e-01
   9.8559802e-01   0.0000000e+00   1.4567889e-02   3.3935956e+00
   3.2788143e-01   0.0000000e+00   9.8632411e-01   3.3935956e+00
   3.2788143e-01   0.0000000e+00   1.4567889e-02   3.0060838e+00
   2.2053595e-01   0.0000000e+00   9.3947482e-01   3.3935956e+00
   2.2053595e-01   0.0000000e+00   9.8632411e-01   3.0060838e+00
   2.2053595e-01   0.0000000e+00   1.4567889e-02   2.6065685e+00
   1.2561071e-01   0.0000000e+00   6.3248810e-02   3.3935956e+00
   1.2561071e-01   0.0000000e+00   9.3947482e-01   3.0060838e+00
   1.2561071e-01   0.0000000e+00   9.8632411e-01   2.6065685e+00
   1.2561071e-01   0.0000000e+00   1.4567889e-02   2.1514382e+00
   5.4535365e-02   0.0000000e+00   8.6112570e-01   3.3935956e+00
   5.4535365e-02   0.0000000e+00   6.3248810e-02   3.0060838e+00
   5.4535365e-02   0.0000000e+00   9.3947482e-01   2.6065685e+00
   5.4535365e-02   0.0000000e+00   9.8632411e-01   2.1514382e+00
   5.4535365e-02   0.0000000e+00   1.4567889e-02   1.6740628e+00
   3.2788143e-01   0.0000000e+00   1.4567889e-02   3.3935956e+00
   2.2053595e-01   0.0000000e+00   9.8632411e-01   3.3935956e+00
   2.2053595e-01   0.0000000e+00   1.4567889e-02   3.0060838e+00
   1.2561071e-01   0.0000000e+00   9.3947482e-01   3.3935956e+00
   1.2561071e-01   0.0000000e+00   9.8632411e-01   3.0060838e+00
   1.2561071e-01   0.0000000e+00   1.4567889e-02   2.6065685e+00
   5.4535365e-02   0.0000000e+00   6.3248810e-02   3.3935956e+00
   5.4535365e-02   0.0000000e+00   9.3947482e-01   3.0060838e+00
   5.4535365e-02   0.0000000e+00   9.8632411e-01   2.6065685e+00
   5.4535365e-02   0.0000000e+00   1.4567889e-02   2.1514382e+00
   2.2053595e-01   0.0000000e+00   1.4567889e-02   3.3935956e+00
   1.2561071e-01   0.0000000e+00   9.8632411e-01   3.3935956e+00
   1.2561071e-01   0.0000000e+00   1.4567889e-02   3.0060838e+00
   5.4535365e-02   0.0000000e+00   9.3947482e-01   3.3935956e+00
   5.4535365e-02   0.0000000e+00   9.8632411e-01   3.0060838e+00
   5.4535365e-02   0.0000000e+00   1.4567889e-02   2.6065685e+00
   1.2561071e-01   0.0000000e+00   1.4567889e-02   3.3935956e+00
   5.4535365e-02   0.0000000e+00   9.8632411e-01   3.3935956e+00
   5.4535365e-02   0.0000000e+00   1.4567889e-02   3.0060838e+00
   5.4535365e-02   0.0000000e+00   1.4567889e-02   3.3935956e+00
