   6.7128284e-01   0.0000000e+00   6.1583490e-01   7.3315544e-01
   6.7128284e-01   0.0000000e+00   6.1583490e-01   1.3728461e-01
   6.7128284e-01   0.0000000e+00   3.8564590e-01   7.3315544e-01
   8.3374903e-01   0.0000000e+00   6.1583490e-01   7.3315544e-01
   6.7128284e-01   0.0000000e+00   6.1583490e-01  -2.8700457e-01
   6.7128284e-01   0.0000000e+00   3.8564590e-01   1.3728461e-01
   6.7128284e-01   0.0000000e+00   8.2223424e-01   7.3315544e-01
   8.3374903e-01   0.0000000e+00   6.1583490e-01   1.3728461e-01
   8.3374903e-01   0.0000000e+00   3.8564590e-01   7.3315544e-01
   4.8328675e-01   0.0000000e+00   6.1583490e-01   7.3315544e-01
   6.7128284e-01   0.0000000e+00   6.1583490e-01   1.4543851e+00
   6.7128284e-01   0.0000000e+00   3.8564590e-01  -2.8700457e-01
   6.7128284e-01   0.0000000e+00   8.2223424e-01   1.3728461e-01
   6.7128284e-01   0.0000000e+00   1.7695144e-01   7.3315544e-01
   8.3374903e-01   0.0000000e+00   6.1583490e-01  -2.8700457e-01
   8.3374903e-01   0.0000000e+00   3.8564590e-01   1.3728461e-01
   8.3374903e-01   0.0000000e+00   8.2223424e-01   7.3315544e-01
   4.8328675e-01   0.0000000e+00   6.1583490e-01   1.3728461e-01
   4.8328675e-01   0.0000000e+00   3.8564590e-01   7.3315544e-01
   9.4807409e-01   0.0000000e+00   6.1583490e-01   7.3315544e-01
   6.7128284e-01   0.0000000e+00   6.1583490e-01   2.2750226e+00
   6.7128284e-01   0.0000000e+00   3.8564590e-01   1.4543851e+00
   6.7128284e-01   0.0000000e+00   8.2223424e-01  -2.8700457e-01
   6.7128284e-01   0.0000000e+00   1.7695144e-01   1.3728461e-01
   6.7128284e-01   0.0000000e+00   9.5902487e-01   7.3315544e-01
   8.3374903e-01   0.0000000e+00   6.1583490e-01   1.4543851e+00
   8.3374903e-01   0.0000000e+00   3.8564590e-01  -2.8700457e-01
   8.3374903e-01   0.0000000e+00   8.2223424e-01   1.3728461e-01
   8.3374903e-01   0.0000000e+00   1.7695144e-01   7.3315544e-01
   4.8328675e-01   0.0000000e+00   6.1583490e-01  -2.8700457e-01
   4.8328675e-01   0.0000000e+00   3.8564590e-01   1.3728461e-01
   4.8328675e-01   0.0000000e+00   8.2223424e-01   7.3315544e-01
   9.4807409e-01   0.0000000e+00   6.1583490e-01   1.3728461e-01
   9.4807409e-01   0.0000000e+00   3.8564590e-01   7.3315544e-01
   2.9447817e-01   0.0000000e+00   6.1583490e-01   7.3315544e-01
   6.7128284e-01   0.0000000e+00   6.1583490e-01   3.1128572e+00
   6.7128284e-01   0.0000000e+00   3.8564590e-01   2.2750226e+00
   6.7128284e-01   0.0000000e+00   8.2223424e-01   1.4543851e+00
   6.7128284e-01   0.0000000e+00   1.7695144e-01  -2.8700457e-01
   6.7128284e-01   0.0000000e+00   9.5902487e-01   1.3728461e-01
   6.7128284e-01   0.0000000e+00   4.2563663e-02   7.3315544e-01
   8.3374903e-01   0.0000000e+00   6.1583490e-01   2.2750226e+00
   8.3374903e-01   0.0000000e+00   3.8564590e-01   1.4543851e+00
   8.3374903e-01   0.0000000e+00   8.2223424e-01  -2.8700457e-01
   8.3374903e-01   0.0000000e+00   1.7695144e-01   1.3728461e-01
   8.3374903e-01   0.0000000e+00   9.5902487e-01   7.3315544e-01
   4.8328675e-01   0.0000000e+00   6.1583490e-01   1.4543851e+00
   4.8328675e-01   0.0000000e+00   3.8564590e-01  -2.8700457e-01
   4.8328675e-01   0.0000000e+00   8.2223424e-01   1.3728461e-01
   4.8328675e-01   0.0000000e+00   1.7695144e-01   7.3315544e-01
   9.4807409e-01   0.0000000e+00   6.1583490e-01  -2.8700457e-01
   9.4807409e-01   0.0000000e+00   3.8564590e-01   1.3728461e-01
   9.4807409e-01   0.0000000e+00   8.2223424e-01   7.3315544e-01
   2.9447817e-01   0.0000000e+00   6.1583490e-01   1.3728461e-01
   2.9447817e-01   0.0000000e+00   3.8564590e-01   7.3315544e-01
   1.2826962e-01   0.0000000e+00   6.1583490e-01   7.3315544e-01
   6.7128284e-01   0.0000000e+00   3.8564590e-01   3.1128572e+00
   6.7128284e-01   0.0000000e+00   8.2223424e-01   2.2750226e+00
   6.7128284e-01   0.0000000e+00   1.7695144e-01   1.4543851e+00
   6.7128284e-01   0.0000000e+00   9.5902487e-01  -2.8700457e-01
   6.7128284e-01   0.0000000e+00   4.2563663e-02   1.3728461e-01
   8.3374903e-01   0.0000000e+00   6.1583490e-01   3.1128572e+00
   8.3374903e-01   0.0000000e+00   3.8564590e-01   2.2750226e+00
   8.3374903e-01   0.0000000e+00   8.2223424e-01   1.4543851e+00
   8.3374903e-01   0.0000000e+00   1.7695144e-01  -2.8700457e-01
   8.3374903e-01   0.0000000e+00   9.5902487e-01   1.3728461e-01
   8.3374903e-01   0.0000000e+00   4.2563663e-02   7.3315544e-01
   4.8328675e-01   0.0000000e+00   6.1583490e-01   2.2750226e+00
   4.8328675e-01   0.0000000e+00   3.8564590e-01   1.4543851e+00
   4.8328675e-01   0.0000000e+00   8.2223424e-01  -2.8700457e-01
   4.8328675e-01   0.0000000e+00   1.7695144e-01   1.3728461e-01
   4.8328675e-01   0.0000000e+00   9.5902487e-01   7.3315544e-01
   9.4807409e-01   0.0000000e+00   6.1583490e-01   1.4543851e+00
   9.4807409e-01   0.0000000e+00   3.8564590e-01  -2.8700457e-01
   9.4807409e-01   0.0000000e+00   8.2223424e-01   1.3728461e-01
   9.4807409e-01   0.0000000e+00   1.7695144e-01   7.3315544e-01
   2.9447817e-01   0.0000000e+00   6.1583490e-01  -2.8700457e-01
   2.9447817e-01   0.0000000e+00   3.8564590e-01   1.3728461e-01
   2.9447817e-01   0.0000000e+00   8.2223424e-01   7.3315544e-01
   1.2826962e-01   0.0000000e+00   6.1583490e-01   1.3728461e-01
   1.2826962e-01   0.0000000e+00   3.8564590e-01   7.3315544e-01
   6.7128284e-01   0.0000000e+00   8.2223424e-01   3.1128572e+00
   6.7128284e-01   0.0000000e+00   1.7695144e-01   2.2750226e+00
   6.7128284e-01   0.0000000e+00   9.5902487e-01   1.4543851e+00
   6.7128284e-01   0.0000000e+00   4.2563663e-02  -2.8700457e-01
   8.3374903e-01   0.0000000e+00   3.8564590e-01   3.1128572e+00
   8.3374903e-01   0.0000000e+00   8.2223424e-01   2.2750226e+00
   8.3374903e-01   0.0000000e+00   1.7695144e-01   1.4543851e+00
   8.3374903e-01   0.0000000e+00   9.5902487e-01  -2.8700457e-01
   8.3374903e-01   0.0000000e+00   4.2563663e-02   1.3728461e-01
   4.8328675e-01   0.0000000e+00   6.1583490e-01   3.1128572e+00
   4.8328675e-01   0.0000000e+00   3.8564590e-01   2.2750226e+00
   4.8328675e-01   0.0000000e+00   8.2223424e-01   1.4543851e+00
   4.8328675e-01   0.0000000e+00   1.7695144e-01  -2.8700457e-01
   4.8328675e-01   0.0000000e+00   9.5902487e-01   1.3728461e-01
   4.8328675e-01   0.0000000e+00   4.2563663e-02   7.3315544e-01
   9.4807409e-01   0.0000000e+00   6.1583490e-01   2.2750226e+00
   9.4807409e-01   0.0000000e+00   3.8564590e-01   1.4543851e+00
   9.4807409e-01   0.0000000e+00   8.2223424e-01  -2.8700457e-01
   9.4807409e-01   0.0000000e+00   1.7695144e-01   1.3728461e-01
   9.4807409e-01   0.0000000e+00   9.5902487e-01   7.3315544e-01
   2.9447817e-01   0.0000000e+00   6.1583490e-01   1.4543851e+00
   2.9447817e-01   0.0000000e+00   3.8564590e-01  -2.8700457e-01
   2.9447817e-01   0.0000000e+00   8.2223424e-01   1.3728461e-01
   2.9447817e-01   0.0000000e+00   1.7695144e-01   7.3315544e-01
   1.2826962e-01   0.0000000e+00   6.1583490e-01  -2.8700457e-01
   1.2826962e-01   0.0000000e+00   3.8564590e-01   1.3728461e-01
   1.2826962e-01   0.0000000e+00   8.2223424e-01   7.3315544e-01
   6.7128284e-01   0.0000000e+00   1.7695144e-01   3.1128572e+00
   6.7128284e-01   0.0000000e+00   9.5902487e-01   2.2750226e+00
   6.7128284e-01   0.0000000e+00   4.2563663e-02   1.4543851e+00
   8.3374903e-01   0.0000000e+00   8.2223424e-01   3.1128572e+00
   8.3374903e-01   0.0000000e+00   1.7695144e-01   2.2750226e+00
   8.3374903e-01   0.0000000e+00   9.5902487e-01   1.4543851e+00
   8.3374903e-01   0.0000000e+00   4.2563663e-02  -2.8700457e-01
   4.8328675e-01   0.0000000e+00   3.8564590e-01   3.1128572e+00
   4.8328675e-01   0.0000000e+00   8.2223424e-01   2.2750226e+00
   4.8328675e-01   0.0000000e+00   1.7695144e-01   1.4543851e+00
   4.8328675e-01   0.0000000e+00   9.5902487e-01  -2.8700457e-01
   4.8328675e-01   0.0000000e+00   4.2563663e-02   1.3728461e-01
   9.4807409e-01   0.0000000e+00   6.1583490e-01   3.1128572e+00
   9.4807409e-01   0.0000000e+00   3.8564590e-01   2.2750226e+00
   9.4807409e-01   0.0000000e+00   8.2223424e-01   1.4543851e+00
   9.4807409e-01   0.0000000e+00   1.7695144e-01  -2.8700457e-01
   9.4807409e-01   0.0000000e+00   9.5902487e-01   1.3728461e-01
   9.4807409e-01   0.0000000e+00   4.2563663e-02   7.3315544e-01
   2.9447817e-01   0.0000000e+00   6.1583490e-01   2.2750226e+00
   2.9447817e-01   0.0000000e+00   3.8564590e-01   1.4543851e+00
   2.9447817e-01   0.0000000e+00   8.2223424e-01  -2.8700457e-01
   2.9447817e-01   0.0000000e+00   1.7695144e-01   1.3728461e-01
   2.9447817e-01   0.0000000e+00   9.5902487e-01   7.3315544e-01
   1.2826962e-01   0.0000000e+00   6.1583490e-01   1.4543851e+00
   1.2826962e-01   0.0000000e+00   3.8564590e-01  -2.8700457e-01
   1.2826962e-01   0.0000000e+00   8.2223424e-01   1.3728461e-01
   1.2826962e-01   0.0000000e+00   1.7695144e-01   7.3315544e-01
   6.7128284e-01   0.0000000e+00   9.5902487e-01   3.1128572e+00
   6.7128284e-01   0.0000000e+00   4.2563663e-02   2.2750226e+00
   8.3374903e-01   0.0000000e+00   1.7695144e-01   3.1128572e+00
   8.3374903e-01   0.0000000e+00   9.5902487e-01   2.2750226e+00
   8.3374903e-01   0.0000000e+00   4.2563663e-02   1.4543851e+00
   4.8328675e-01   0.0000000e+00   8.2223424e-01   3.1128572e+00
   4.8328675e-01   0.0000000e+00   1.7695144e-01   2.2750226e+00
   4.8328675e-01   0.0000000e+00   9.5902487e-01   1.4543851e+00
   4.8328675e-01   0.0000000e+00   4.2563663e-02  -2.8700457e-01
   9.4807409e-01   0.0000000e+00   3.8564590e-01   3.1128572e+00
   9.4807409e-01   0.0000000e+00   8.2223424e-01   2.2750226e+00
   9.4807409e-01   0.0000000e+00   1.7695144e-01   1.4543851e+00
   9.4807409e-01   0.0000000e+00   9.5902487e-01  -2.8700457e-01
   9.4807409e-01   0.0000000e+00   4.2563663e-02   1.3728461e-01
   2.9447817e-01   0.0000000e+00   6.1583490e-01   3.1128572e+00
   2.9447817e-01   0.0000000e+00   3.8564590e-01   2.2750226e+00
   2.9447817e-01   0.0000000e+00   8.2223424e-01   1.4543851e+00
   2.9447817e-01   0.0000000e+00   1.7695144e-01  -2.8700457e-01
   2.9447817e-01   0.0000000e+00   9.5902487e-01   1.3728461e-01
   2.9447817e-01   0.0000000e+00   4.2563663e-02   7.3315544e-01
   1.2826962e-01   0.0000000e+00   6.1583490e-01   2.2750226e+00
   1.2826962e-01   0.0000000e+00   3.8564590e-01   1.4543851e+00
   1.2826962e-01   0.0000000e+00   8.2223424e-01  -2.8700457e-01
   1.2826962e-01   0.0000000e+00   1.7695144e-01   1.3728461e-01
   1.2826962e-01   0.0000000e+00   9.5902487e-01   7.3315544e-01
   6.7128284e-01   0.0000000e+00   4.2563663e-02   3.1128572e+00
   8.3374903e-01   0.0000000e+00   9.5902487e-01   3.1128572e+00
   8.3374903e-01   0.0000000e+00   4.2563663e-02   2.2750226e+00
   4.8328675e-01   0.0000000e+00   1.7695144e-01   3.1128572e+00
   4.8328675e-01   0.0000000e+00   9.5902487e-01   2.2750226e+00
   4.8328675e-01   0.0000000e+00   4.2563663e-02   1.4543851e+00
   9.4807409e-01   0.0000000e+00   8.2223424e-01   3.1128572e+00
   9.4807409e-01   0.0000000e+00   1.7695144e-01   2.2750226e+00
   9.4807409e-01   0.0000000e+00   9.5902487e-01   1.4543851e+00
   9.4807409e-01   0.0000000e+00   4.2563663e-02  -2.8700457e-01
   2.9447817e-01   0.0000000e+00   3.8564590e-01   3.1128572e+00
   2.9447817e-01   0.0000000e+00   8.2223424e-01   2.2750226e+00
   2.9447817e-01   0.0000000e+00   1.7695144e-01   1.4543851e+00
   2.9447817e-01   0.0000000e+00   9.5902487e-01  -2.8700457e-01
   2.9447817e-01   0.0000000e+00   4.2563663e-02   1.3728461e-01
   1.2826962e-01   0.0000000e+00   6.1583490e-01   3.1128572e+00
   1.2826962e-01   0.0000000e+00   3.8564590e-01   2.2750226e+00
   1.2826962e-01   0.0000000e+00   8.2223424e-01   1.4543851e+00
   1.2826962e-01   0.0000000e+00   1.7695144e-01  -2.8700457e-01
   1.2826962e-01   0.0000000e+00   9.5902487e-01   1.3728461e-01
   1.2826962e-01   0.0000000e+00   4.2563663e-02   7.3315544e-01
   8.3374903e-01   0.0000000e+00   4.2563663e-02   3.1128572e+00
   4.8328675e-01   0.0000000e+00   9.5902487e-01   3.1128572e+00
   4.8328675e-01   0.0000000e+00   4.2563663e-02   2.2750226e+00
   9.4807409e-01   0.0000000e+00   1.7695144e-01   3.1128572e+00
   9.4807409e-01   0.0000000e+00   9.5902487e-01   2.2750226e+00
   9.4807409e-01   0.0000000e+00   4.2563663e-02   1.4543851e+00
   2.9447817e-01   0.0000000e+00   8.2223424e-01   3.1128572e+00
   2.9447817e-01   0.0000000e+00   1.7695144e-01   2.2750226e+00
   2.9447817e-01   0.0000000e+00   9.5902487e-01   1.4543851e+00
   2.9447817e-01   0.0000000e+00   4.2563663e-02  -2.8700457e-01
   1.2826962e-01   0.0000000e+00   3.8564590e-01   3.1128572e+00
   1.2826962e-01   0.0000000e+00   8.2223424e-01   2.2750226e+00
   1.2826962e-01   0.0000000e+00   1.7695144e-01   1.4543851e+00
   1.2826962e-01   0.0000000e+00   9.5902487e-01  -2.8700457e-01
   1.2826962e-01   0.0000000e+00   4.2563663e-02   1.3728461e-01
   4.8328675e-01   0.0000000e+00   4.2563663e-02   3.1128572e+00
   9.4807409e-01   0.0000000e+00   9.5902487e-01   3.1128572e+00
   9.4807409e-01   0.0000000e+00   4.2563663e-02   2.2750226e+00
   2.9447817e-01   0.0000000e+00   1.7695144e-01   3.1128572e+00
   2.9447817e-01   0.0000000e+00   9.5902487e-01   2.2750226e+00
   2.9447817e-01   0.0000000e+00   4.2563663e-02   1.4543851e+00
   1.2826962e-01   0.0000000e+00   8.2223424e-01   3.1128572e+00
   1.2826962e-01   0.0000000e+00   1.7695144e-01   2.2750226e+00
   1.2826962e-01   0.0000000e+00   9.5902487e-01   1.4543851e+00
   1.2826962e-01   0.0000000e+00   4.2563663e-02  -2.8700457e-01
   9.4807409e-01   0.0000000e+00   4.2563663e-02   3.1128572e+00
   2.9447817e-01   0.0000000e+00   9.5902487e-01   3.1128572e+00
   2.9447817e-01   0.0000000e+00   4.2563663e-02   2.2750226e+00
   1.2826962e-01   0.0000000e+00   1.7695144e-01   3.1128572e+00
   1.2826962e-01   0.0000000e+00   9.5902487e-01   2.2750226e+00
   1.2826962e-01   0.0000000e+00   4.2563663e-02   1.4543851e+00
   2.9447817e-01   0.0000000e+00   4.2563663e-02   3.1128572e+00
   1.2826962e-01   0.0000000e+00   9.5902487e-01   3.1128572e+00
   1.2826962e-01   0.0000000e+00   4.2563663e-02   2.2750226e+00
   1.2826962e-01   0.0000000e+00   4.2563663e-02   3.1128572e+00
