   7.1995108e-01   0.0000000e+00   3.4069048e-01   5.0473879e-01
   7.1995108e-01   0.0000000e+00   3.4069048e-01  -1.6008612e-01
   7.1995108e-01   0.0000000e+00   6.6241478e-01   5.0473879e-01
   4.6994525e-01   0.0000000e+00   3.4069048e-01   5.0473879e-01
   7.1995108e-01   0.0000000e+00   3.4069048e-01   1.4115236e+00
   7.1995108e-01   0.0000000e+00   6.6241478e-01  -1.6008612e-01
   7.1995108e-01   0.0000000e+00   9.1731335e-01   5.0473879e-01
   4.6994525e-01   0.0000000e+00   3.4069048e-01  -1.6008612e-01
   4.6994525e-01   0.0000000e+00   6.6241478e-01   5.0473879e-01
   9.1027249e-01   0.0000000e+00   3.4069048e-01   5.0473879e-01
   7.1995108e-01   0.0000000e+00   3.4069048e-01   2.5131254e+00
   7.1995108e-01   0.0000000e+00   6.6241478e-01   1.4115236e+00
   7.1995108e-01   0.0000000e+00   9.1731335e-01  -1.6008612e-01
   7.1995108e-01   0.0000000e+00   8.3001196e-02   5.0473879e-01
   4.6994525e-01   0.0000000e+00   3.4069048e-01   1.4115236e+00
   4.6994525e-01   0.0000000e+00   6.6241478e-01  -1.6008612e-01
   4.6994525e-01   0.0000000e+00   9.1731335e-01   5.0473879e-01
   9.1027249e-01   0.0000000e+00   3.4069048e-01  -1.6008612e-01
   9.1027249e-01   0.0000000e+00   6.6241478e-01   5.0473879e-01
   2.1762577e-01   0.0000000e+00   3.4069048e-01   5.0473879e-01
   7.1995108e-01   0.0000000e+00   6.6241478e-01   2.5131254e+00
   7.1995108e-01   0.0000000e+00   9.1731335e-01   1.4115236e+00
   7.1995108e-01   0.0000000e+00   8.3001196e-02  -1.6008612e-01
   4.6994525e-01   0.0000000e+00   3.4069048e-01   2.5131254e+00
   4.6994525e-01   0.0000000e+00   6.6241478e-01   1.4115236e+00
   4.6994525e-01   0.0000000e+00   9.1731335e-01  -1.6008612e-01
   4.6994525e-01   0.0000000e+00   8.3001196e-02   5.0473879e-01
   9.1027249e-01   0.0000000e+00   3.4069048e-01   1.4115236e+00
   9.1027249e-01   0.0000000e+00   6.6241478e-01  -1.6008612e-01
   9.1027249e-01   0.0000000e+00   9.1731335e-01   5.0473879e-01
   2.1762577e-01   0.0000000e+00   3.4069048e-01  -1.6008612e-01
   2.1762577e-01   0.0000000e+00   6.6241478e-01   5.0473879e-01
   7.1995108e-01   0.0000000e+00   9.1731335e-01   2.5131254e+00
   7.1995108e-01   0.0000000e+00   8.3001196e-02   1.4115236e+00
   4.6994525e-01   0.0000000e+00   6.6241478e-01   2.5131254e+00
   4.6994525e-01   0.0000000e+00   9.1731335e-01   1.4115236e+00
   4.6994525e-01   0.0000000e+00   8.3001196e-02  -1.6008612e-01
   9.1027249e-01   0.0000000e+00   3.4069048e-01   2.5131254e+00
   9.1027249e-01   0.0000000e+00   6.6241478e-01   1.4115236e+00
   9.1027249e-01   0.0000000e+00   9.1731335e-01  -1.6008612e-01
   9.1027249e-01   0.0000000e+00   8.3001196e-02   5.0473879e-01
   2.1762577e-01   0.0000000e+00   3.4069048e-01   1.4115236e+00
   2.1762577e-01   0.0000000e+00   6.6241478e-01  -1.6008612e-01
   2.1762577e-01   0.0000000e+00   9.1731335e-01   5.0473879e-01
   7.1995108e-01   0.0000000e+00   8.3001196e-02   2.5131254e+00
   4.6994525e-01   0.0000000e+00   9.1731335e-01   2.5131254e+00
   4.6994525e-01   0.0000000e+00   8.3001196e-02   1.4115236e+00
   9.1027249e-01   0.0000000e+00   6.6241478e-01   2.5131254e+00
   9.1027249e-01   0.0000000e+00   9.1731335e-01   1.4115236e+00
   9.1027249e-01   0.0000000e+00   8.3001196e-02  -1.6008612e-01
   2.1762577e-01   0.0000000e+00   3.4069048e-01   2.5131254e+00
   2.1762577e-01   0.0000000e+00   6.6241478e-01   1.4115236e+00
   2.1762577e-01   0.0000000e+00   9.1731335e-01  -1.6008612e-01
   2.1762577e-01   0.0000000e+00   8.3001196e-02   5.0473879e-01
   4.6994525e-01   0.0000000e+00   8.3001196e-02   2.5131254e+00
   9.1027249e-01   0.0000000e+00   9.1731335e-01   2.5131254e+00
   9.1027249e-01   0.0000000e+00   8.3001196e-02   1.4115236e+00
   2.1762577e-01   0.0000000e+00   6.6241478e-01   2.5131254e+00
   2.1762577e-01   0.0000000e+00   9.1731335e-01   1.4115236e+00
   2.1762577e-01   0.0000000e+00   8.3001196e-02  -1.6008612e-01
   9.1027249e-01   0.0000000e+00   8.3001196e-02   2.5131254e+00
   2.1762577e-01   0.0000000e+00   9.1731335e-01   2.5131254e+00
   2.1762577e-01   0.0000000e+00   8.3001196e-02   1.4115236e+00
   2.1762577e-01   0.0000000e+00   8.3001196e-02   2.5131254e+00
