8.000000000001270539e-01
8.000000000001270539e-01
8.000000000001270539e-01
7.999999999992154498e-01
7.999999998549129909e-01
7.999999951919942731e-01
7.999999335887673091e-01
7.999994705066083567e-01
7.999970773884198527e-01
7.999878977962716631e-01
7.999600039817157393e-01
7.998914451137104642e-01
7.997507746265640760e-01
7.995028523642768725e-01
7.991126106850579003e-01
7.985487642121881224e-01
7.977840768676492944e-01
7.968006830583764799e-01
7.955918446613599038e-01
7.941549559408600523e-01
7.924902234530072365e-01
7.906010311484464870e-01
7.884947629139391623e-01
7.861822190808426258e-01
7.836759540371669441e-01
7.809908977413105857e-01
7.781457173297697816e-01
7.751599489102348750e-01
7.720507710727805284e-01
7.688339863815037978e-01
7.655256952815266969e-01
7.621411353155624901e-01
7.586942268697943748e-01
7.551981553073131570e-01
7.516648124246040341e-01
7.481051275664130085e-01
7.445295721170351877e-01
7.409470882474844533e-01
7.373652410965684245e-01
7.337904568808855110e-01
7.302283480726609044e-01
7.266832502714722919e-01
7.231574555988390385e-01
7.196511936067528925e-01
7.161577512427699244e-01
7.126101188543124687e-01
7.090290399332488391e-01
7.055690893201115310e-01
7.021973390501483614e-01
6.988091821270792092e-01
6.953759946506110623e-01
6.917040612040193936e-01
6.877752396935973289e-01
6.839877127086995134e-01
6.801231684738522354e-01
6.761316363655416328e-01
6.719623936681269338e-01
6.678349777709065016e-01
6.634321606351276657e-01
6.581641703848920555e-01
6.528032472523478402e-01
6.477200885867167024e-01
6.423015291856936093e-01
6.364768914389906662e-01
6.305796778069259201e-01
6.242008901064191040e-01
6.174642512645421855e-01
6.106194155816139224e-01
6.031541607726006449e-01
5.952451892506511744e-01
5.864030775505540971e-01
5.781878526723648326e-01
5.699782226052546585e-01
5.608051554082242873e-01
5.514901954799089623e-01
5.419170395251360350e-01
5.323222589698750618e-01
5.238585774230365422e-01
5.146386563900345879e-01
5.049880100146321160e-01
4.952358560532666432e-01
4.851882602357904251e-01
4.744786931038330047e-01
4.636300535634488296e-01
4.535012334673945711e-01
4.438190644041891675e-01
4.341361188827864703e-01
4.243589836516045710e-01
4.144058537899828476e-01
4.043602147889628906e-01
3.948552070923809776e-01
3.858203063115260290e-01
3.769613544544929695e-01
3.684279297269379971e-01
3.597169524438569854e-01
3.507992597592304862e-01
3.417533953665246593e-01
3.330014090082650258e-01
3.249106496275510625e-01
3.166677768381618852e-01
3.082513157748784649e-01
3.002027246165500651e-01
2.920569768652310216e-01
2.839487485513698117e-01
2.762180910286768931e-01
2.688421067783329232e-01
2.617431687461730938e-01
2.552970487944150046e-01
2.490443311565689322e-01
2.426709578878394613e-01
2.361512112013171572e-01
2.297194228258581938e-01
2.230643530971559430e-01
2.171993135353010862e-01
2.115514655214512929e-01
2.053612150742213927e-01
1.993055185603967994e-01
1.934280642341032752e-01
1.885530413768917724e-01
1.837489140494714679e-01
1.790433258047316178e-01
1.741537688406485929e-01
1.696745164720451504e-01
1.649593138088721878e-01
1.605911380716920911e-01
1.563296669352232660e-01
1.520871075083021773e-01
1.477354196375616491e-01
1.440521481200387199e-01
1.405247690032890018e-01
1.368186457797518907e-01
1.331115716862562304e-01
1.296260651335406910e-01
1.266852750653406079e-01
1.235419475505825371e-01
1.201980844944118831e-01
1.168908486592469265e-01
1.141776926115732477e-01
1.115020775719340190e-01
1.088824117058398711e-01
1.061695225008130183e-01
1.033733245426096820e-01
1.009110236995417881e-01
9.874675519685705005e-02
9.649478742519418395e-02
9.450196130784183079e-02
9.215765840188934466e-02
9.024481399929688841e-02
8.823000515944072475e-02
8.635673006314507905e-02
8.437755668809812648e-02
8.237531915172323360e-02
8.043612011719684929e-02
7.887313425013652013e-02
7.708891531461894986e-02
7.509121212526242983e-02
7.348075028160715172e-02
7.164719029206698120e-02
6.963742194856950563e-02
6.761790641930834345e-02
6.581019149308364735e-02
6.469179305701014404e-02
6.321350356449230434e-02
6.188035518514987954e-02
6.064059488235015033e-02
5.930302597549622079e-02
5.821185127355708866e-02
5.717254827509873211e-02
5.606712986365604279e-02
5.454459858962763114e-02
5.299521579489348960e-02
5.162976979685483803e-02
5.038817170387065170e-02
4.944167196407275172e-02
4.831604146120262178e-02
4.731885553657658172e-02
4.639537671280981324e-02
4.529461762727261809e-02
4.438935224459648193e-02
4.340758139315942926e-02
4.259404199938039703e-02
4.146258121120309503e-02
4.039736994560917671e-02
3.958939384935142997e-02
3.886453393348802965e-02
3.793664300462532696e-02
3.711332238244505199e-02
3.640219237788060863e-02
3.573811602387984981e-02
3.488086782169642908e-02
3.397667505665259713e-02
3.331464733901983583e-02
3.283351500604560214e-02
3.225979651722220981e-02
3.149697005868829641e-02
3.070970759487087060e-02
3.022018473384962406e-02
2.959773598866399791e-02
2.903729611605120747e-02
2.861083268071303032e-02
2.812587345918782927e-02
2.735214704890057483e-02
2.669505581072288691e-02
2.610249857105967006e-02
2.546780840981154731e-02
2.494961044348920770e-02
2.451484185353769440e-02
2.393566202801845552e-02
2.327336409371526249e-02
2.285070264592834952e-02
2.265462160302915764e-02
2.233379458614841856e-02
2.189587810661300024e-02
2.148119564736122519e-02
2.117398700395748540e-02
2.085234088369395181e-02
2.037787412809261359e-02
2.003005185300431659e-02
1.961598430366231008e-02
1.922242642222240019e-02
1.881081604459271250e-02
1.831157044809434212e-02
1.796664334458409826e-02
1.762544325265674727e-02
1.736096211018810231e-02
1.708600672447000562e-02
1.675210582271505211e-02
1.646692123818141104e-02
1.616882402931249865e-02
1.600173476263741859e-02
1.569603592129563754e-02
1.544362148836713605e-02
1.497577426944421072e-02
1.461912999350692757e-02
1.429826052950623413e-02
1.406524493542284267e-02
1.391600735353095211e-02
1.368394199362835822e-02
1.342413794866911293e-02
1.304036342819367249e-02
1.268994936735895127e-02
1.255415157174120597e-02
1.242023279720154590e-02
1.237364915902979499e-02
1.228677507599041860e-02
1.208629583841399485e-02
1.176231104347892110e-02
1.147960377755650845e-02
1.132191023608987088e-02
1.132191023608987088e-02
