1.270095140171179082e-13
1.270095140171179082e-13
1.270095140171179082e-13
8.616876859855634181e-11
1.266169502030434908e-08
3.591560391519589012e-07
3.873936458123235871e-06
2.186343295796857347e-05
8.105640342930662168e-05
2.184068661218690859e-04
4.895525264159715549e-04
9.585420563975255914e-04
1.672631929672399988e-03
2.648870997795470163e-03
3.876094391720617816e-03
5.328586182134423602e-03
6.974954049006312252e-03
8.783904374642215185e-03
1.072140983034844397e-02
1.274932041563824406e-02
1.483131767856066784e-02
1.693627163326635529e-02
1.903889368190817347e-02
2.111830786528253595e-02
2.315640762399479025e-02
2.513898674657573384e-02
2.705667717203152911e-02
2.890249770714299962e-02
3.066957014613467397e-02
3.235261615547986580e-02
3.394970845011423266e-02
3.546082839485546062e-02
3.688709123034381032e-02
3.823123898339494259e-02
3.949686944534687438e-02
4.068859700518623335e-02
4.181246134081489929e-02
4.287430014164858583e-02
4.387965445281270804e-02
4.483387312193438251e-02
4.574245680194301972e-02
4.661051265287126377e-02
4.744278440374288808e-02
4.824786188652369079e-02
4.906640370974605508e-02
5.050440739983116240e-02
5.245575416094012955e-02
5.382894134648381901e-02
5.445485182442724725e-02
5.530614176576190838e-02
5.661725809469700388e-02
5.942273155423599684e-02
6.451991795067948954e-02
6.830422843245818887e-02
7.247674475917306736e-02
7.696524947021911311e-02
8.235716707089889288e-02
8.730938419776186621e-02
9.233721485114179672e-02
1.008975744746839348e-01
1.096546025496239474e-01
1.164857029704185892e-01
1.235229050616613311e-01
1.318509513742661121e-01
1.391213920942844240e-01
1.475529788600021541e-01
1.560918422144317030e-01
1.639868331300547988e-01
1.726670198366553055e-01
1.814099045034150148e-01
1.913102542096446201e-01
1.999100057843704870e-01
2.072122028927213533e-01
2.156221840271997092e-01
2.237399310728296342e-01
2.313862587277924487e-01
2.389727488507923381e-01
2.447900704741950983e-01
2.504740753782518370e-01
2.565029110435434467e-01
2.620907809666978561e-01
2.675182329862879071e-01
2.729154903013070177e-01
2.783638118123451521e-01
2.830260752545648573e-01
2.867451202864315651e-01
2.901471488354165906e-01
2.933668843313380625e-01
2.963518036807362699e-01
2.990208343425454496e-01
3.014845069601913563e-01
3.032915716576557452e-01
3.049191795821108997e-01
3.060556121360997750e-01
3.070375368324793075e-01
3.080117908458252507e-01
3.086991958306221639e-01
3.092039995409793240e-01
3.094447239953158624e-01
3.092889312547071889e-01
3.092778799575306992e-01
3.089467977444222413e-01
3.083219459102522486e-01
3.077042960376637493e-01
3.067461610488699253e-01
3.058396220328091775e-01
3.047490774413091352e-01
3.036001702314141126e-01
3.021207296820015986e-01
3.005768183985829123e-01
2.991259221534433577e-01
2.970872326163119248e-01
2.954889589699106200e-01
2.936806358072499568e-01
2.916974540857347198e-01
2.894323349328388750e-01
2.872910641308198398e-01
2.851441081665385124e-01
2.831511179587564708e-01
2.809402154445684308e-01
2.786714084045469608e-01
2.763416929170319780e-01
2.742114996843451613e-01
2.716156744260458944e-01
2.693963807743163796e-01
2.668608365710318786e-01
2.643278995463548275e-01
2.618834018650939011e-01
2.595773787177566017e-01
2.572930857318216913e-01
2.547230971408395717e-01
2.522875807467114262e-01
2.498902442942689262e-01
2.477099600206198460e-01
2.453415534584216240e-01
2.427240147952487437e-01
2.403015819009466925e-01
2.381532682501698306e-01
2.358538431840232208e-01
2.336006083724101456e-01
2.312584322528839775e-01
2.288174973008968993e-01
2.267339289415175596e-01
2.246372959190607310e-01
2.225707512312948277e-01
2.204557383027207496e-01
2.182845789531384362e-01
2.163867424776223236e-01
2.143118019501114579e-01
2.123356247132908992e-01
2.101899832019968328e-01
2.080406869102342515e-01
2.059451067527341139e-01
2.042613968547401793e-01
2.019624775607275491e-01
1.999706220732513640e-01
1.979908544511133628e-01
1.957652078392372874e-01
1.932915165199667606e-01
1.909055246824538643e-01
1.889164800967921276e-01
1.874534793482197925e-01
1.853529646910159756e-01
1.837348003945716290e-01
1.819162694207534792e-01
1.801976980309539511e-01
1.786371048282047180e-01
1.771781526108468507e-01
1.753603270244891155e-01
1.731684718223986674e-01
1.709178050453584174e-01
1.690239397912573494e-01
1.672646530673762566e-01
1.658045341589135802e-01
1.640147210467937655e-01
1.624681473755475170e-01
1.609998600115414291e-01
1.591900736997978461e-01
1.577810366143872767e-01
1.561384661018637432e-01
1.546958404987239521e-01
1.527463524682053098e-01
1.510208707611602197e-01
1.496731008132178853e-01
1.483176088553799510e-01
1.465995639860120936e-01
1.451534756393211556e-01
1.438713225941655183e-01
1.425784870681567895e-01
1.408570093276013957e-01
1.392557774567021178e-01
1.380707180901099285e-01
1.370624283290025613e-01
1.357686259413459218e-01
1.342188016684046359e-01
1.327149333126488862e-01
1.317065216075179734e-01
1.303204203890633295e-01
1.291680810783362998e-01
1.282713202517519746e-01
1.270109238922458028e-01
1.252926214039740138e-01
1.240280418766571552e-01
1.226665984709980756e-01
1.211908790194229507e-01
1.201125585941145574e-01
1.190024327415589306e-01
1.176401800133628217e-01
1.161202219756383436e-01
1.153047469234420169e-01
1.147642720363328261e-01
1.138170833694238659e-01
1.126708708280085985e-01
1.117556726345071832e-01
1.109712350926048002e-01
1.100222362233133772e-01
1.087509227717923105e-01
1.079117900664855745e-01
1.067395387077616220e-01
1.057836419687235435e-01
1.044450459540719744e-01
1.032821453494939812e-01
1.023084340052739377e-01
1.014464942751447524e-01
1.006644534983004852e-01
9.973764361843143189e-02
9.886525965436127050e-02
9.799164758589309909e-02
9.719366892465697294e-02
9.664037006760697879e-02
9.565433499875695966e-02
9.481849581776066738e-02
9.345098301128748619e-02
9.242244042863001496e-02
9.148151893447797889e-02
9.081898675332181203e-02
9.028718710139123360e-02
8.953445384807752483e-02
8.859420620801912449e-02
8.733885552133416330e-02
8.638377525412310742e-02
8.597405524296691803e-02
8.553714986468320680e-02
8.532714590442103120e-02
8.487678221276657997e-02
8.410435256909042090e-02
8.301971334984140083e-02
8.217162904530585232e-02
8.158522890916568293e-02
8.158522890916568293e-02
