0.00000000000000000000000000000000e+000 8.00000000000000044408920985006262e-001
1.00401606425702816238754166988656e+000 8.00000000000000044408920985006262e-001
2.00803212851405632477508333977312e+000 8.00000000000000044408920985006262e-001
3.01204819277108448716262500965968e+000 7.99999999999985833554205783002544e-001
4.01606425702811264955016667954624e+000 7.99999999999967181807392080372665e-001
5.02008032128514081193770834943280e+000 7.99999999999937982941844438755652e-001
6.02409638554216897432525001931936e+000 7.99999999999910782477741122420412e-001
7.02811244979919713671279168920591e+000 7.99999999999856270527232027234277e-001
8.03212851405622529910033335909247e+000 7.99999999999804645156586957455147e-001
9.03614457831325346148787502897903e+000 7.99999999999744360046349811455002e-001
1.00401606425702816238754166988656e+001 7.99999999999683408802297890360933e-001
1.10441767068273097862629583687522e+001 7.99999999999601030253870703745633e-001
1.20481927710843379486505000386387e+001 7.99999999999557065422095547546633e-001
1.30522088353413661110380417085253e+001 7.99999999998095012720966678898549e-001
1.40562248995983942734255833784118e+001 7.99999999952281326542902206711005e-001
1.50602409638554224358131250482984e+001 7.99999998965627567848457601940027e-001
1.60642570281124505982006667181849e+001 7.99999984062991886801796681538690e-001
1.70682730923694805369450477883220e+001 7.99999819978167492351417422469240e-001
1.80722891566265069229757500579581e+001 7.99998463410930060746295566787012e-001
1.90763052208835333090064523275942e+001 7.99989848900007460841266038187314e-001
2.00803212851405632477508333977312e+001 7.99947090191759135890947618463542e-001
2.10843373493975931864952144678682e+001 7.99778779991709432017898961930769e-001
2.20883534136546195725259167375043e+001 7.99244930893790006543042636621976e-001
2.30923694779116459585566190071404e+001 7.97843154064052151319685890484834e-001
2.40963855421686758973010000772774e+001 7.95016179298674963149551331298426e-001
2.51004016064257058360453811474144e+001 7.91019620530518885459514422109351e-001
2.61044176706827322220760834170505e+001 7.86323899173112295102328062057495e-001
2.71084337349397586081067856866866e+001 7.81324296617245228624426545138704e-001
2.81124497991967885468511667568237e+001 7.76262851227149996979903789906530e-001
2.91164658634538184855955478269607e+001 7.71258944338607421720155343791703e-001
3.01204819277108448716262500965968e+001 7.66359466496680186153866998211015e-001
3.11244979919678712576569523662329e+001 7.61576137951945231208128461730666e-001
3.21285140562249011964013334363699e+001 7.56906525872983571012753145623719e-001
3.31325301204819311351457145065069e+001 7.52343881474537679032721371186199e-001
3.41365461847389610738900955766439e+001 7.47881019080204545446122210705653e-001
3.51405622489959839072071190457791e+001 7.43511514884965474259104212251259e-001
3.61445783132530138459515001159161e+001 7.39229878016588792810637187358225e-001
3.71485943775100437846958811860532e+001 7.35031409932583423838536873518024e-001
3.81526104417670666180129046551883e+001 7.30912018412245512166691696620546e-001
3.91566265060240965567572857253253e+001 7.26868064280475345562138045352185e-001
4.01606425702811264955016667954624e+001 7.22896251381696219873163045122055e-001
4.11646586345381564342460478655994e+001 7.18993551314857870515595550386934e-001
4.21686746987951863729904289357364e+001 7.15157152267590578986755645019002e-001
4.31726907630522092063074524048716e+001 7.11384423608244054193505689909216e-001
4.41767068273092391450518334750086e+001 7.07672890594817416420880817895522e-001
4.51807228915662690837962145451456e+001 7.04020215609646560217527166969376e-001
4.61847389558232919171132380142808e+001 7.00424183684026258056576352828415e-001
4.71887550200803218558576190844178e+001 6.96882690922374870012845349265262e-001
4.81927710843373517946020001545548e+001 6.93393734951101459174083174730185e-001
4.91967871485943817333463812246919e+001 6.89955406830735418211020260059740e-001
5.02008032128514116720907622948289e+001 6.86565884062308340318736554763746e-001
5.12048192771084345054077857639641e+001 6.83223424438815785109113676298875e-001
5.22088353413654644441521668341011e+001 6.79926360568994692101796317729168e-001
5.32128514056224943828965479042381e+001 6.76673094950229758737236807064619e-001
5.42168674698795172162135713733733e+001 6.73462095500462432084987085545436e-001
5.52208835341365471549579524435103e+001 6.70291891481532897678619065118255e-001
5.62248995983935770937023335136473e+001 6.67161069762097880264661853288999e-001
5.72289156626506070324467145837843e+001 6.64068271379611330118564183067065e-001
5.82329317269076369711910956539214e+001 6.61012188369080044836323395429645e-001
5.92369477911646598045081191230565e+001 6.57991560832759114774148656579200e-001
6.02409638554216897432525001931936e+001 6.55005174229814524089476890367223e-001
6.12449799196787196819968812633306e+001 6.52051856869144130790516555862268e-001
6.22489959839357425153139047324657e+001 6.49130477591984611507314184564166e-001
6.32530120481927724540582858026028e+001 6.46239943634156377427757433906663e-001
6.42570281124498023928026668727398e+001 6.43379198660720796887346750736469e-001
6.52610441767068323315470479428768e+001 6.40547220968929686968351688847179e-001
6.62650602409638622702914290130138e+001 6.37743021858646730315456352400361e-001
6.72690763052208922090358100831509e+001 6.34965644173018484153203644382302e-001
6.82730923694779221477801911532879e+001 6.32214161016551146055064691609005e-001
6.92771084337349378756698570214212e+001 6.29487674663093299542993008799385e-001
7.02811244979919678144142380915582e+001 6.26785315672784393292715776624391e-001
7.12851405622489977531586191616952e+001 6.24106242245589526440596728207311e-001
7.22891566265060276919030002318323e+001 6.21449639850145341135601029236568e-001
7.32931726907630576306473813019693e+001 6.18814721181351834466966010950273e-001
7.42971887550200875693917623721063e+001 6.16200726519818164916841851663776e-001
7.53012048192771175081361434422433e+001 6.13606924592750790914408298704075e-001
7.63052208835341332360258093103766e+001 6.11032614072006374783541104989126e-001
7.73092369477911631747701903805137e+001 6.08477125894210879586410101182992e-001
7.83132530120481931135145714506507e+001 6.05939826655723212667226107441820e-001
7.93172690763052230522589525207877e+001 6.03420123428163091006126705906354e-001
8.03212851405622529910033335909247e+001 6.00917470466317382715715211816132e-001
8.13253012048192829297477146610618e+001 5.98431378444046591091876052814769e-001
8.23293172690763128684920957311988e+001 5.95961427039715885278781115630409e-001
8.33333333333333428072364768013358e+001 5.93507281765804473039338517992292e-001
8.43373493975903727459808578714728e+001 5.91068715220644191887799934193026e-001
8.53413654618473884738705237396061e+001 5.88645628237661422410553768713726e-001
8.63453815261044184126149048097432e+001 5.86238043447427803478433361306088e-001
8.73493975903614483513592858798802e+001 5.83845941698067694147766815149225e-001
8.83534136546184782901036669500172e+001 5.81468383543378375399868218664778e-001
8.93574297188755082288480480201542e+001 5.79099660359938428477732941246359e-001
9.03614457831325381675924290902913e+001 5.76713895330433157226934781647287e-001
9.13654618473895681063368101604283e+001 5.74207718947131739994915733404923e-001
9.23694779116465838342264760285616e+001 5.71204368319624289362934632663382e-001
9.33734939759036137729708570986986e+001 5.66479944737840690471841753605986e-001
9.43775100401606437117152381688356e+001 5.56821773048074675216412288136780e-001
9.53815261044176736504596192389727e+001 5.27839808856850889462464238022221e-001
9.63855421686747035892040003091097e+001 2.61433748505537522088815194365452e-001
9.73895582329317335279483813792467e+001 1.02281348876540821276129311634406e-004
9.83935742971887634666927624493837e+001 0.00000000000000000000000000000000e+000
9.93975903614457934054371435195208e+001 0.00000000000000000000000000000000e+000
1.00401606425702823344181524589658e+002 0.00000000000000000000000000000000e+000
1.01405622489959839072071190457791e+002 0.00000000000000000000000000000000e+000
1.02409638554216869010815571527928e+002 0.00000000000000000000000000000000e+000
1.03413654618473898949559952598065e+002 0.00000000000000000000000000000000e+000
1.04417670682730928888304333668202e+002 0.00000000000000000000000000000000e+000
1.05421686746987958827048714738339e+002 0.00000000000000000000000000000000e+000
1.06425702811244988765793095808476e+002 0.00000000000000000000000000000000e+000
1.07429718875502018704537476878613e+002 0.00000000000000000000000000000000e+000
1.08433734939759034432427142746747e+002 0.00000000000000000000000000000000e+000
1.09437751004016064371171523816884e+002 0.00000000000000000000000000000000e+000
1.10441767068273094309915904887021e+002 0.00000000000000000000000000000000e+000
1.11445783132530124248660285957158e+002 0.00000000000000000000000000000000e+000
1.12449799196787154187404667027295e+002 0.00000000000000000000000000000000e+000
1.13453815261044184126149048097432e+002 0.00000000000000000000000000000000e+000
1.14457831325301214064893429167569e+002 0.00000000000000000000000000000000e+000
1.15461847389558244003637810237706e+002 0.00000000000000000000000000000000e+000
1.16465863453815273942382191307843e+002 0.00000000000000000000000000000000e+000
1.17469879518072289670271857175976e+002 0.00000000000000000000000000000000e+000
1.18473895582329319609016238246113e+002 0.00000000000000000000000000000000e+000
1.19477911646586349547760619316250e+002 0.00000000000000000000000000000000e+000
1.20481927710843379486505000386387e+002 0.00000000000000000000000000000000e+000
1.21485943775100409425249381456524e+002 0.00000000000000000000000000000000e+000
1.22489959839357439363993762526661e+002 0.00000000000000000000000000000000e+000
1.23493975903614469302738143596798e+002 0.00000000000000000000000000000000e+000
1.24497991967871485030627809464931e+002 0.00000000000000000000000000000000e+000
1.25502008032128514969372190535069e+002 0.00000000000000000000000000000000e+000
1.26506024096385544908116571605206e+002 0.00000000000000000000000000000000e+000
1.27510040160642574846860952675343e+002 0.00000000000000000000000000000000e+000
1.28514056224899604785605333745480e+002 0.00000000000000000000000000000000e+000
1.29518072289156634724349714815617e+002 0.00000000000000000000000000000000e+000
1.30522088353413664663094095885754e+002 0.00000000000000000000000000000000e+000
1.31526104417670694601838476955891e+002 0.00000000000000000000000000000000e+000
1.32530120481927724540582858026028e+002 0.00000000000000000000000000000000e+000
1.33534136546184754479327239096165e+002 0.00000000000000000000000000000000e+000
1.34538152610441784418071620166302e+002 0.00000000000000000000000000000000e+000
1.35542168674698814356816001236439e+002 0.00000000000000000000000000000000e+000
1.36546184738955844295560382306576e+002 0.00000000000000000000000000000000e+000
1.37550200803212845812595332972705e+002 0.00000000000000000000000000000000e+000
1.38554216867469875751339714042842e+002 0.00000000000000000000000000000000e+000
1.39558232931726905690084095112979e+002 0.00000000000000000000000000000000e+000
1.40562248995983935628828476183116e+002 0.00000000000000000000000000000000e+000
1.41566265060240965567572857253253e+002 0.00000000000000000000000000000000e+000
1.42570281124497995506317238323390e+002 0.00000000000000000000000000000000e+000
1.43574297188755025445061619393528e+002 0.00000000000000000000000000000000e+000
1.44578313253012055383806000463665e+002 0.00000000000000000000000000000000e+000
1.45582329317269085322550381533802e+002 0.00000000000000000000000000000000e+000
1.46586345381526115261294762603939e+002 0.00000000000000000000000000000000e+000
1.47590361445783145200039143674076e+002 0.00000000000000000000000000000000e+000
1.48594377510040175138783524744213e+002 0.00000000000000000000000000000000e+000
1.49598393574297205077527905814350e+002 0.00000000000000000000000000000000e+000
1.50602409638554235016272286884487e+002 0.00000000000000000000000000000000e+000
1.51606425702811264955016667954624e+002 0.00000000000000000000000000000000e+000
1.52610441767068266472051618620753e+002 0.00000000000000000000000000000000e+000
1.53614457831325296410795999690890e+002 0.00000000000000000000000000000000e+000
1.54618473895582326349540380761027e+002 0.00000000000000000000000000000000e+000
1.55622489959839356288284761831164e+002 0.00000000000000000000000000000000e+000
1.56626506024096386227029142901301e+002 0.00000000000000000000000000000000e+000
1.57630522088353416165773523971438e+002 0.00000000000000000000000000000000e+000
1.58634538152610446104517905041575e+002 0.00000000000000000000000000000000e+000
1.59638554216867476043262286111712e+002 0.00000000000000000000000000000000e+000
1.60642570281124505982006667181849e+002 0.00000000000000000000000000000000e+000
1.61646586345381535920751048251987e+002 0.00000000000000000000000000000000e+000
1.62650602409638565859495429322124e+002 0.00000000000000000000000000000000e+000
1.63654618473895595798239810392261e+002 0.00000000000000000000000000000000e+000
1.64658634538152625736984191462398e+002 0.00000000000000000000000000000000e+000
1.65662650602409655675728572532535e+002 0.00000000000000000000000000000000e+000
1.66666666666666685614472953602672e+002 0.00000000000000000000000000000000e+000
1.67670682730923715553217334672809e+002 0.00000000000000000000000000000000e+000
1.68674698795180745491961715742946e+002 0.00000000000000000000000000000000e+000
1.69678714859437747008996666409075e+002 0.00000000000000000000000000000000e+000
1.70682730923694776947741047479212e+002 0.00000000000000000000000000000000e+000
1.71686746987951806886485428549349e+002 0.00000000000000000000000000000000e+000
1.72690763052208836825229809619486e+002 0.00000000000000000000000000000000e+000
1.73694779116465866763974190689623e+002 0.00000000000000000000000000000000e+000
1.74698795180722896702718571759760e+002 0.00000000000000000000000000000000e+000
1.75702811244979926641462952829897e+002 0.00000000000000000000000000000000e+000
1.76706827309236956580207333900034e+002 0.00000000000000000000000000000000e+000
1.77710843373493986518951714970171e+002 0.00000000000000000000000000000000e+000
1.78714859437751016457696096040308e+002 0.00000000000000000000000000000000e+000
1.79718875502008046396440477110445e+002 0.00000000000000000000000000000000e+000
1.80722891566265076335184858180583e+002 0.00000000000000000000000000000000e+000
1.81726907630522106273929239250720e+002 0.00000000000000000000000000000000e+000
1.82730923694779136212673620320857e+002 0.00000000000000000000000000000000e+000
1.83734939759036166151418001390994e+002 0.00000000000000000000000000000000e+000
1.84738955823293167668452952057123e+002 0.00000000000000000000000000000000e+000
1.85742971887550197607197333127260e+002 0.00000000000000000000000000000000e+000
1.86746987951807227545941714197397e+002 0.00000000000000000000000000000000e+000
1.87751004016064257484686095267534e+002 0.00000000000000000000000000000000e+000
1.88755020080321287423430476337671e+002 0.00000000000000000000000000000000e+000
1.89759036144578317362174857407808e+002 0.00000000000000000000000000000000e+000
1.90763052208835347300919238477945e+002 0.00000000000000000000000000000000e+000
1.91767068273092377239663619548082e+002 0.00000000000000000000000000000000e+000
1.92771084337349407178408000618219e+002 0.00000000000000000000000000000000e+000
1.93775100401606437117152381688356e+002 0.00000000000000000000000000000000e+000
1.94779116465863467055896762758493e+002 0.00000000000000000000000000000000e+000
1.95783132530120496994641143828630e+002 0.00000000000000000000000000000000e+000
1.96787148594377526933385524898767e+002 0.00000000000000000000000000000000e+000
1.97791164658634556872129905968904e+002 0.00000000000000000000000000000000e+000
1.98795180722891586810874287039042e+002 0.00000000000000000000000000000000e+000
1.99799196787148616749618668109179e+002 0.00000000000000000000000000000000e+000
2.00803212851405646688363049179316e+002 0.00000000000000000000000000000000e+000
2.01807228915662648205397999845445e+002 0.00000000000000000000000000000000e+000
2.02811244979919678144142380915582e+002 0.00000000000000000000000000000000e+000
2.03815261044176708082886761985719e+002 0.00000000000000000000000000000000e+000
2.04819277108433738021631143055856e+002 0.00000000000000000000000000000000e+000
2.05823293172690767960375524125993e+002 0.00000000000000000000000000000000e+000
2.06827309236947797899119905196130e+002 0.00000000000000000000000000000000e+000
2.07831325301204827837864286266267e+002 0.00000000000000000000000000000000e+000
2.08835341365461857776608667336404e+002 0.00000000000000000000000000000000e+000
2.09839357429718887715353048406541e+002 0.00000000000000000000000000000000e+000
2.10843373493975917654097429476678e+002 0.00000000000000000000000000000000e+000
2.11847389558232947592841810546815e+002 0.00000000000000000000000000000000e+000
2.12851405622489977531586191616952e+002 0.00000000000000000000000000000000e+000
2.13855421686747007470330572687089e+002 0.00000000000000000000000000000000e+000
2.14859437751004037409074953757226e+002 0.00000000000000000000000000000000e+000
2.15863453815261067347819334827363e+002 0.00000000000000000000000000000000e+000
2.16867469879518068864854285493493e+002 0.00000000000000000000000000000000e+000
2.17871485943775098803598666563630e+002 0.00000000000000000000000000000000e+000
2.18875502008032128742343047633767e+002 0.00000000000000000000000000000000e+000
2.19879518072289158681087428703904e+002 0.00000000000000000000000000000000e+000
2.20883534136546188619831809774041e+002 0.00000000000000000000000000000000e+000
2.21887550200803218558576190844178e+002 0.00000000000000000000000000000000e+000
2.22891566265060248497320571914315e+002 0.00000000000000000000000000000000e+000
2.23895582329317278436064952984452e+002 0.00000000000000000000000000000000e+000
2.24899598393574308374809334054589e+002 0.00000000000000000000000000000000e+000
2.25903614457831338313553715124726e+002 0.00000000000000000000000000000000e+000
2.26907630522088368252298096194863e+002 0.00000000000000000000000000000000e+000
2.27911646586345398191042477265000e+002 0.00000000000000000000000000000000e+000
2.28915662650602428129786858335137e+002 0.00000000000000000000000000000000e+000
2.29919678714859458068531239405274e+002 0.00000000000000000000000000000000e+000
2.30923694779116488007275620475411e+002 0.00000000000000000000000000000000e+000
2.31927710843373517946020001545548e+002 0.00000000000000000000000000000000e+000
2.32931726907630547884764382615685e+002 0.00000000000000000000000000000000e+000
2.33935742971887549401799333281815e+002 0.00000000000000000000000000000000e+000
2.34939759036144579340543714351952e+002 0.00000000000000000000000000000000e+000
2.35943775100401609279288095422089e+002 0.00000000000000000000000000000000e+000
2.36947791164658639218032476492226e+002 0.00000000000000000000000000000000e+000
2.37951807228915669156776857562363e+002 0.00000000000000000000000000000000e+000
2.38955823293172699095521238632500e+002 0.00000000000000000000000000000000e+000
2.39959839357429729034265619702637e+002 0.00000000000000000000000000000000e+000
2.40963855421686758973010000772774e+002 0.00000000000000000000000000000000e+000
2.41967871485943788911754381842911e+002 0.00000000000000000000000000000000e+000
2.42971887550200818850498762913048e+002 0.00000000000000000000000000000000e+000
2.43975903614457848789243143983185e+002 0.00000000000000000000000000000000e+000
2.44979919678714878727987525053322e+002 0.00000000000000000000000000000000e+000
2.45983935742971908666731906123459e+002 0.00000000000000000000000000000000e+000
2.46987951807228938605476287193596e+002 0.00000000000000000000000000000000e+000
2.47991967871485968544220668263733e+002 0.00000000000000000000000000000000e+000
2.48995983935742970061255618929863e+002 0.00000000000000000000000000000000e+000
2.50000000000000000000000000000000e+002 0.00000000000000000000000000000000e+000
