   6.1456195e-01   0.0000000e+00   5.0149311e-01   8.3428315e-01
   6.1456195e-01   0.0000000e+00   5.0149311e-01  -4.2975670e-02
   6.1456195e-01   0.0000000e+00   8.6978095e-01   8.3428315e-01
   8.7389722e-01   0.0000000e+00   5.0149311e-01   8.3428315e-01
   6.1456195e-01   0.0000000e+00   5.0149311e-01   2.0436049e+00
   6.1456195e-01   0.0000000e+00   8.6978095e-01  -4.2975670e-02
   6.1456195e-01   0.0000000e+00   1.2891379e-01   8.3428315e-01
   8.7389722e-01   0.0000000e+00   5.0149311e-01  -4.2975670e-02
   8.7389722e-01   0.0000000e+00   8.6978095e-01   8.3428315e-01
   3.0202384e-01   0.0000000e+00   5.0149311e-01   8.3428315e-01
   6.1456195e-01   0.0000000e+00   8.6978095e-01   2.0436049e+00
   6.1456195e-01   0.0000000e+00   1.2891379e-01  -4.2975670e-02
   8.7389722e-01   0.0000000e+00   5.0149311e-01   2.0436049e+00
   8.7389722e-01   0.0000000e+00   8.6978095e-01  -4.2975670e-02
   8.7389722e-01   0.0000000e+00   1.2891379e-01   8.3428315e-01
   3.0202384e-01   0.0000000e+00   5.0149311e-01  -4.2975670e-02
   3.0202384e-01   0.0000000e+00   8.6978095e-01   8.3428315e-01
   6.1456195e-01   0.0000000e+00   1.2891379e-01   2.0436049e+00
   8.7389722e-01   0.0000000e+00   8.6978095e-01   2.0436049e+00
   8.7389722e-01   0.0000000e+00   1.2891379e-01  -4.2975670e-02
   3.0202384e-01   0.0000000e+00   5.0149311e-01   2.0436049e+00
   3.0202384e-01   0.0000000e+00   8.6978095e-01  -4.2975670e-02
   3.0202384e-01   0.0000000e+00   1.2891379e-01   8.3428315e-01
   8.7389722e-01   0.0000000e+00   1.2891379e-01   2.0436049e+00
   3.0202384e-01   0.0000000e+00   8.6978095e-01   2.0436049e+00
   3.0202384e-01   0.0000000e+00   1.2891379e-01  -4.2975670e-02
   3.0202384e-01   0.0000000e+00   1.2891379e-01   2.0436049e+00
