   5.8727071e-01   0.0000000e+00   5.0100512e-01   2.9030165e-01
   5.8727071e-01   0.0000000e+00   5.0100512e-01   1.0190104e+00
   5.8727071e-01   0.0000000e+00   7.5986950e-01   2.9030165e-01
   7.8800452e-01   0.0000000e+00   5.0100512e-01   2.9030165e-01
   5.8727071e-01   0.0000000e+00   5.0100512e-01  -2.3504163e-01
   5.8727071e-01   0.0000000e+00   7.5986950e-01   1.0190104e+00
   5.8727071e-01   0.0000000e+00   2.4123881e-01   2.9030165e-01
   7.8800452e-01   0.0000000e+00   5.0100512e-01   1.0190104e+00
   7.8800452e-01   0.0000000e+00   7.5986950e-01   2.9030165e-01
   9.3304203e-01   0.0000000e+00   5.0100512e-01   2.9030165e-01
   5.8727071e-01   0.0000000e+00   5.0100512e-01   1.8992695e+00
   5.8727071e-01   0.0000000e+00   7.5986950e-01  -2.3504163e-01
   5.8727071e-01   0.0000000e+00   2.4123881e-01   1.0190104e+00
   5.8727071e-01   0.0000000e+00   9.4315076e-01   2.9030165e-01
   7.8800452e-01   0.0000000e+00   5.0100512e-01  -2.3504163e-01
   7.8800452e-01   0.0000000e+00   7.5986950e-01   1.0190104e+00
   7.8800452e-01   0.0000000e+00   2.4123881e-01   2.9030165e-01
   9.3304203e-01   0.0000000e+00   5.0100512e-01   1.0190104e+00
   9.3304203e-01   0.0000000e+00   7.5986950e-01   2.9030165e-01
   3.6668927e-01   0.0000000e+00   5.0100512e-01   2.9030165e-01
   5.8727071e-01   0.0000000e+00   5.0100512e-01   2.8600609e+00
   5.8727071e-01   0.0000000e+00   7.5986950e-01   1.8992695e+00
   5.8727071e-01   0.0000000e+00   2.4123881e-01  -2.3504163e-01
   5.8727071e-01   0.0000000e+00   9.4315076e-01   1.0190104e+00
   5.8727071e-01   0.0000000e+00   5.8222085e-02   2.9030165e-01
   7.8800452e-01   0.0000000e+00   5.0100512e-01   1.8992695e+00
   7.8800452e-01   0.0000000e+00   7.5986950e-01  -2.3504163e-01
   7.8800452e-01   0.0000000e+00   2.4123881e-01   1.0190104e+00
   7.8800452e-01   0.0000000e+00   9.4315076e-01   2.9030165e-01
   9.3304203e-01   0.0000000e+00   5.0100512e-01  -2.3504163e-01
   9.3304203e-01   0.0000000e+00   7.5986950e-01   1.0190104e+00
   9.3304203e-01   0.0000000e+00   2.4123881e-01   2.9030165e-01
   3.6668927e-01   0.0000000e+00   5.0100512e-01   1.0190104e+00
   3.6668927e-01   0.0000000e+00   7.5986950e-01   2.9030165e-01
   1.6303748e-01   0.0000000e+00   5.0100512e-01   2.9030165e-01
   5.8727071e-01   0.0000000e+00   7.5986950e-01   2.8600609e+00
   5.8727071e-01   0.0000000e+00   2.4123881e-01   1.8992695e+00
   5.8727071e-01   0.0000000e+00   9.4315076e-01  -2.3504163e-01
   5.8727071e-01   0.0000000e+00   5.8222085e-02   1.0190104e+00
   7.8800452e-01   0.0000000e+00   5.0100512e-01   2.8600609e+00
   7.8800452e-01   0.0000000e+00   7.5986950e-01   1.8992695e+00
   7.8800452e-01   0.0000000e+00   2.4123881e-01  -2.3504163e-01
   7.8800452e-01   0.0000000e+00   9.4315076e-01   1.0190104e+00
   7.8800452e-01   0.0000000e+00   5.8222085e-02   2.9030165e-01
   9.3304203e-01   0.0000000e+00   5.0100512e-01   1.8992695e+00
   9.3304203e-01   0.0000000e+00   7.5986950e-01  -2.3504163e-01
   9.3304203e-01   0.0000000e+00   2.4123881e-01   1.0190104e+00
   9.3304203e-01   0.0000000e+00   9.4315076e-01   2.9030165e-01
   3.6668927e-01   0.0000000e+00   5.0100512e-01  -2.3504163e-01
   3.6668927e-01   0.0000000e+00   7.5986950e-01   1.0190104e+00
   3.6668927e-01   0.0000000e+00   2.4123881e-01   2.9030165e-01
   1.6303748e-01   0.0000000e+00   5.0100512e-01   1.0190104e+00
   1.6303748e-01   0.0000000e+00   7.5986950e-01   2.9030165e-01
   5.8727071e-01   0.0000000e+00   2.4123881e-01   2.8600609e+00
   5.8727071e-01   0.0000000e+00   9.4315076e-01   1.8992695e+00
   5.8727071e-01   0.0000000e+00   5.8222085e-02  -2.3504163e-01
   7.8800452e-01   0.0000000e+00   7.5986950e-01   2.8600609e+00
   7.8800452e-01   0.0000000e+00   2.4123881e-01   1.8992695e+00
   7.8800452e-01   0.0000000e+00   9.4315076e-01  -2.3504163e-01
   7.8800452e-01   0.0000000e+00   5.8222085e-02   1.0190104e+00
   9.3304203e-01   0.0000000e+00   5.0100512e-01   2.8600609e+00
   9.3304203e-01   0.0000000e+00   7.5986950e-01   1.8992695e+00
   9.3304203e-01   0.0000000e+00   2.4123881e-01  -2.3504163e-01
   9.3304203e-01   0.0000000e+00   9.4315076e-01   1.0190104e+00
   9.3304203e-01   0.0000000e+00   5.8222085e-02   2.9030165e-01
   3.6668927e-01   0.0000000e+00   5.0100512e-01   1.8992695e+00
   3.6668927e-01   0.0000000e+00   7.5986950e-01  -2.3504163e-01
   3.6668927e-01   0.0000000e+00   2.4123881e-01   1.0190104e+00
   3.6668927e-01   0.0000000e+00   9.4315076e-01   2.9030165e-01
   1.6303748e-01   0.0000000e+00   5.0100512e-01  -2.3504163e-01
   1.6303748e-01   0.0000000e+00   7.5986950e-01   1.0190104e+00
   1.6303748e-01   0.0000000e+00   2.4123881e-01   2.9030165e-01
   5.8727071e-01   0.0000000e+00   9.4315076e-01   2.8600609e+00
   5.8727071e-01   0.0000000e+00   5.8222085e-02   1.8992695e+00
   7.8800452e-01   0.0000000e+00   2.4123881e-01   2.8600609e+00
   7.8800452e-01   0.0000000e+00   9.4315076e-01   1.8992695e+00
   7.8800452e-01   0.0000000e+00   5.8222085e-02  -2.3504163e-01
   9.3304203e-01   0.0000000e+00   7.5986950e-01   2.8600609e+00
   9.3304203e-01   0.0000000e+00   2.4123881e-01   1.8992695e+00
   9.3304203e-01   0.0000000e+00   9.4315076e-01  -2.3504163e-01
   9.3304203e-01   0.0000000e+00   5.8222085e-02   1.0190104e+00
   3.6668927e-01   0.0000000e+00   5.0100512e-01   2.8600609e+00
   3.6668927e-01   0.0000000e+00   7.5986950e-01   1.8992695e+00
   3.6668927e-01   0.0000000e+00   2.4123881e-01  -2.3504163e-01
   3.6668927e-01   0.0000000e+00   9.4315076e-01   1.0190104e+00
   3.6668927e-01   0.0000000e+00   5.8222085e-02   2.9030165e-01
   1.6303748e-01   0.0000000e+00   5.0100512e-01   1.8992695e+00
   1.6303748e-01   0.0000000e+00   7.5986950e-01  -2.3504163e-01
   1.6303748e-01   0.0000000e+00   2.4123881e-01   1.0190104e+00
   1.6303748e-01   0.0000000e+00   9.4315076e-01   2.9030165e-01
   5.8727071e-01   0.0000000e+00   5.8222085e-02   2.8600609e+00
   7.8800452e-01   0.0000000e+00   9.4315076e-01   2.8600609e+00
   7.8800452e-01   0.0000000e+00   5.8222085e-02   1.8992695e+00
   9.3304203e-01   0.0000000e+00   2.4123881e-01   2.8600609e+00
   9.3304203e-01   0.0000000e+00   9.4315076e-01   1.8992695e+00
   9.3304203e-01   0.0000000e+00   5.8222085e-02  -2.3504163e-01
   3.6668927e-01   0.0000000e+00   7.5986950e-01   2.8600609e+00
   3.6668927e-01   0.0000000e+00   2.4123881e-01   1.8992695e+00
   3.6668927e-01   0.0000000e+00   9.4315076e-01  -2.3504163e-01
   3.6668927e-01   0.0000000e+00   5.8222085e-02   1.0190104e+00
   1.6303748e-01   0.0000000e+00   5.0100512e-01   2.8600609e+00
   1.6303748e-01   0.0000000e+00   7.5986950e-01   1.8992695e+00
   1.6303748e-01   0.0000000e+00   2.4123881e-01  -2.3504163e-01
   1.6303748e-01   0.0000000e+00   9.4315076e-01   1.0190104e+00
   1.6303748e-01   0.0000000e+00   5.8222085e-02   2.9030165e-01
   7.8800452e-01   0.0000000e+00   5.8222085e-02   2.8600609e+00
   9.3304203e-01   0.0000000e+00   9.4315076e-01   2.8600609e+00
   9.3304203e-01   0.0000000e+00   5.8222085e-02   1.8992695e+00
   3.6668927e-01   0.0000000e+00   2.4123881e-01   2.8600609e+00
   3.6668927e-01   0.0000000e+00   9.4315076e-01   1.8992695e+00
   3.6668927e-01   0.0000000e+00   5.8222085e-02  -2.3504163e-01
   1.6303748e-01   0.0000000e+00   7.5986950e-01   2.8600609e+00
   1.6303748e-01   0.0000000e+00   2.4123881e-01   1.8992695e+00
   1.6303748e-01   0.0000000e+00   9.4315076e-01  -2.3504163e-01
   1.6303748e-01   0.0000000e+00   5.8222085e-02   1.0190104e+00
   9.3304203e-01   0.0000000e+00   5.8222085e-02   2.8600609e+00
   3.6668927e-01   0.0000000e+00   9.4315076e-01   2.8600609e+00
   3.6668927e-01   0.0000000e+00   5.8222085e-02   1.8992695e+00
   1.6303748e-01   0.0000000e+00   2.4123881e-01   2.8600609e+00
   1.6303748e-01   0.0000000e+00   9.4315076e-01   1.8992695e+00
   1.6303748e-01   0.0000000e+00   5.8222085e-02  -2.3504163e-01
   3.6668927e-01   0.0000000e+00   5.8222085e-02   2.8600609e+00
   1.6303748e-01   0.0000000e+00   9.4315076e-01   2.8600609e+00
   1.6303748e-01   0.0000000e+00   5.8222085e-02   1.8992695e+00
   1.6303748e-01   0.0000000e+00   5.8222085e-02   2.8600609e+00
